"C:\Users\Takada Lab\Documents\GitHub\Bert-SDP\venv\Scripts\python.exe" "C:\Users\Takada Lab\Documents\GitHub\Bert-SDP\run.py"
bert_SDP
0it [00:00, ?it/s]Loading data...
741it [00:05, 140.17it/s]
349it [00:02, 126.30it/s]
271it [00:01, 164.57it/s]
Time usage: 0:00:10
Epoch [1/1]
0-------6
hhhhh
(tensor([[  101,  7305,  8916,  ...,   107,   132,  1470],
        [  101,  7305,  8916,  ...,  9245,  7276,   113],
        [  101,  7305,  8916,  ...,     0,     0,     0],
        ...,
        [  101,  7305,  8916,  ...,  6198,   113,  5101],
        [  101,  7305,  8916,  ...,   113,  1509, 17816],
        [  101,  7305,  8916,  ...,  1509,  4956, 16065]]), tensor([128, 128,  77, 128, 128,  98, 128, 128, 128, 128, 128, 128,  46, 128,
        128, 128, 128, 128, 128, 128, 128,  57, 128, 128, 128, 128, 128, 128,
        128,  97, 128, 128, 128, 128,  93, 128, 128, 128, 128, 128, 128, 128,
         59, 128, 128, 124, 128, 128, 128,  62, 128, 128, 128, 128, 128, 128,
        128, 128, 124, 128, 128, 128, 128, 128, 128, 128, 128, 128, 128, 128,
        128, 128, 128, 128,  98, 128, 128, 128,  36, 128, 128, 128, 128, 128,
         40, 128, 128, 128, 128, 128, 128, 128,  96, 128, 128, 128, 128, 128,
        128, 128, 128, 128, 128, 128, 128, 128, 128, 128, 128, 128, 128,  71,
        128, 128, 128, 128, 111, 128, 128, 128,  85, 128,  90, 128, 128, 128,
        128, 128]), tensor([[1, 1, 1,  ..., 1, 1, 1],
        [1, 1, 1,  ..., 1, 1, 1],
        [1, 1, 1,  ..., 0, 0, 0],
        ...,
        [1, 1, 1,  ..., 1, 1, 1],
        [1, 1, 1,  ..., 1, 1, 1],
        [1, 1, 1,  ..., 1, 1, 1]]))
hhhhh-0:torch.Size([128, 128])
tensor([[  101,  7305,  8916,  ...,   107,   132,  1470],
        [  101,  7305,  8916,  ...,  9245,  7276,   113],
        [  101,  7305,  8916,  ...,     0,     0,     0],
        ...,
        [  101,  7305,  8916,  ...,  6198,   113,  5101],
        [  101,  7305,  8916,  ...,   113,  1509, 17816],
        [  101,  7305,  8916,  ...,  1509,  4956, 16065]])
hhhhh-1:torch.Size([128])
tensor([128, 128,  77, 128, 128,  98, 128, 128, 128, 128, 128, 128,  46, 128,
        128, 128, 128, 128, 128, 128, 128,  57, 128, 128, 128, 128, 128, 128,
        128,  97, 128, 128, 128, 128,  93, 128, 128, 128, 128, 128, 128, 128,
         59, 128, 128, 124, 128, 128, 128,  62, 128, 128, 128, 128, 128, 128,
        128, 128, 124, 128, 128, 128, 128, 128, 128, 128, 128, 128, 128, 128,
        128, 128, 128, 128,  98, 128, 128, 128,  36, 128, 128, 128, 128, 128,
         40, 128, 128, 128, 128, 128, 128, 128,  96, 128, 128, 128, 128, 128,
        128, 128, 128, 128, 128, 128, 128, 128, 128, 128, 128, 128, 128,  71,
        128, 128, 128, 128, 111, 128, 128, 128,  85, 128,  90, 128, 128, 128,
        128, 128])
hhhhh-2:torch.Size([128, 128])
tensor([[1, 1, 1,  ..., 1, 1, 1],
        [1, 1, 1,  ..., 1, 1, 1],
        [1, 1, 1,  ..., 0, 0, 0],
        ...,
        [1, 1, 1,  ..., 1, 1, 1],
        [1, 1, 1,  ..., 1, 1, 1],
        [1, 1, 1,  ..., 1, 1, 1]])
hhhhh-labels:torch.Size([128])
tensor([0, 0, 0, 0, 1, 0, 1, 0, 0, 0, 0, 0, 0, 0, 0, 0, 0, 0, 0, 1, 0, 0, 0, 0,
        0, 1, 0, 0, 0, 0, 0, 0, 1, 0, 0, 0, 0, 0, 0, 0, 0, 0, 0, 0, 0, 0, 0, 1,
        0, 0, 0, 1, 1, 0, 1, 1, 0, 1, 0, 0, 0, 0, 1, 1, 0, 0, 0, 1, 0, 0, 1, 0,
        0, 0, 0, 0, 0, 0, 0, 0, 0, 0, 1, 0, 0, 0, 0, 0, 1, 0, 1, 0, 0, 0, 0, 0,
        1, 0, 0, 0, 0, 1, 0, 0, 0, 0, 0, 1, 0, 0, 0, 0, 0, 0, 0, 0, 1, 0, 0, 0,
        0, 0, 0, 0, 1, 0, 0, 0])
C:\Users\Takada Lab\Documents\GitHub\Bert-SDP\pytorch_pretrained\optimization.py:275: UserWarning: This overload of add_ is deprecated:
	add_(Number alpha, Tensor other)
Consider using one of the following signatures instead:
	add_(Tensor other, *, Number alpha) (Triggered internally at C:\actions-runner\_work\pytorch\pytorch\builder\windows\pytorch\torch\csrc\utils\python_arg_parser.cpp:1420.)
  next_m.mul_(beta1).add_(1 - beta1, grad)
验证集：
[0 0 0 1 0 0 0 0 0 1 0 1 0 0 1 0 0 0 1 0 0 0 0 0 0 1 0 0 0 0 0 0 0 0 1 0 0
 0 1 0 1 1 0 0 1 1 0 0 0 0 0 1 1 0 0 0 1 1 0 1 0 0 0 0 0 1 0 0 0 0 0 0 0 0
 0 1 0 0 0 0 1 0 0 1 1 0 0 0 0 1 1 0 0 0 0 0 0 0 0 0 0 0 0 0 1 0 0 0 0 0 0
 0 0 1 1 0 0 0 0 0 0 0 0 0 0 0 0 0 0 0 0 0 0 0 0 1 0 1 0 0 0 1 0 0 0 0 1 0
 0 1 0 0 0 0 1 0 1 1 0 0 1 0 0 1 0 0 0 1 0 0 1 1 0 0 0 1 1 1 0 1 0 0 0 1 0
 0 1 0 0 1 1 0 0 1 0 0 0 0 0 0 0 0 0 0 1 1 0 1 0 0 0 0 0 0 0 0 1 0 0 0 0 1
 1 0 0 0 1 0 0 1 0 0 1 0 0 0 1 0 0 1 0 0 0 0 1 0 1 0 0 0 1 0 0 0 0 1 1 0 0
 0 0 0 1 0 0 0 0 0 0 0 1 1 1 0 0 0 0 1 0 0 1 0 0 0 0 0 0 0 0 0 0 0 1 0 0 1
 1 1 1 1 0 1 0 1 0 0 0 1 1 1 1 0 0 0 0 1 0 0 0 0 1 0 0 0 0 0 1 0 0 0 0 0 0
 0 1 0 1 0 0 0 1 0 1 0 0 1 0 1 0]
[1 0 0 0 1 0 1 0 0 1 0 1 0 1 1 0 1 1 1 0 0 1 0 0 1 1 0 0 1 0 0 0 0 1 1 1 1
 0 1 1 1 0 0 0 0 0 0 0 0 0 1 1 1 0 1 0 1 0 0 0 0 0 0 0 1 1 1 0 0 1 1 0 0 1
 0 0 1 0 1 1 0 1 0 0 0 0 1 1 0 1 1 1 0 1 0 0 1 0 0 1 1 0 1 1 0 0 1 0 0 0 1
 0 0 0 1 1 0 0 1 0 0 0 0 0 1 0 0 0 0 1 1 1 1 1 1 0 0 0 1 1 0 0 0 1 0 1 1 1
 0 0 1 1 1 0 1 0 1 1 1 0 0 1 1 1 0 1 1 0 0 1 0 0 0 0 0 1 1 1 1 0 1 1 1 0 0
 1 0 0 1 1 0 0 0 0 0 1 0 0 0 1 1 1 1 1 1 0 1 1 0 0 0 0 0 0 1 0 1 1 1 1 1 1
 1 1 0 0 1 0 0 1 1 0 0 1 1 0 1 1 0 0 1 0 1 1 0 0 0 0 1 0 0 0 0 0 0 1 0 0 1
 1 1 0 0 0 0 0 1 1 1 0 1 0 0 0 1 0 0 0 1 0 0 1 0 0 0 1 0 0 0 1 0 0 0 0 0 0
 0 0 1 1 0 1 0 0 0 0 1 1 0 0 0 1 0 0 1 0 1 1 1 0 0 1 0 0 1 1 1 1 0 0 1 0 0
 0 1 0 1 0 1 0 1 1 1 1 1 0 0 1 1]
Iter:      0,  Train Loss:  0.67,  Train Acc: 57.03%,  Val Loss:  0.69,  Val Acc: 54.15%,  Time: 0:01:06 *
1-------6
验证集：
[0 0 0 1 0 0 0 0 0 1 0 1 0 0 1 0 0 0 1 0 0 0 0 0 0 1 0 0 0 0 0 0 0 0 1 0 0
 0 1 0 1 1 0 0 1 1 0 0 0 0 0 1 1 0 0 0 1 1 0 1 0 0 0 0 0 1 0 0 0 0 0 0 0 0
 0 1 0 0 0 0 1 0 0 1 1 0 0 0 0 1 1 0 0 0 0 0 0 0 0 0 0 0 0 0 1 0 0 0 0 0 0
 0 0 1 1 0 0 0 0 0 0 0 0 0 0 0 0 0 0 0 0 0 0 0 0 1 0 1 0 0 0 1 0 0 0 0 1 0
 0 1 0 0 0 0 1 0 1 1 0 0 1 0 0 1 0 0 0 1 0 0 1 1 0 0 0 1 1 1 0 1 0 0 0 1 0
 0 1 0 0 1 1 0 0 1 0 0 0 0 0 0 0 0 0 0 1 1 0 1 0 0 0 0 0 0 0 0 1 0 0 0 0 1
 1 0 0 0 1 0 0 1 0 0 1 0 0 0 1 0 0 1 0 0 0 0 1 0 1 0 0 0 1 0 0 0 0 1 1 0 0
 0 0 0 1 0 0 0 0 0 0 0 1 1 1 0 0 0 0 1 0 0 1 0 0 0 0 0 0 0 0 0 0 0 1 0 0 1
 1 1 1 1 0 1 0 1 0 0 0 1 1 1 1 0 0 0 0 1 0 0 0 0 1 0 0 0 0 0 1 0 0 0 0 0 0
 0 1 0 1 0 0 0 1 0 1 0 0 1 0 1 0]
[1 0 0 0 1 0 1 0 0 1 0 1 0 1 0 0 1 1 1 0 0 1 0 0 1 0 0 0 1 0 0 0 0 1 1 1 1
 0 1 1 1 0 0 0 0 0 0 0 0 0 1 1 1 0 0 0 1 0 0 0 0 0 0 0 1 1 0 0 0 1 0 0 0 0
 0 0 1 0 1 1 0 1 0 0 0 0 1 1 0 0 1 1 0 0 0 0 1 0 0 1 1 0 1 1 0 0 1 0 0 0 0
 0 0 0 1 1 0 0 1 0 0 0 0 0 1 0 0 0 0 1 1 1 1 1 1 0 0 0 1 0 0 0 0 1 0 1 1 1
 0 0 1 0 0 0 0 0 1 1 1 0 0 1 0 1 0 1 1 0 0 1 0 0 0 0 0 1 1 1 1 0 1 1 1 0 0
 1 0 0 1 1 0 0 0 0 0 1 0 0 0 0 1 1 1 1 1 0 0 1 0 0 0 0 0 0 1 0 1 1 1 1 1 1
 0 1 0 0 1 0 0 1 1 0 0 1 0 0 0 1 0 0 1 0 1 1 0 0 0 0 0 0 0 0 0 0 0 0 0 0 0
 1 0 0 0 0 0 0 0 1 1 0 1 0 0 0 1 0 0 0 1 0 0 1 0 0 0 0 0 0 0 0 0 0 0 0 0 0
 0 0 1 1 0 1 0 0 0 0 1 1 0 0 0 1 0 0 1 0 1 1 1 0 0 1 0 0 0 1 1 1 0 0 1 0 0
 0 0 0 1 0 0 0 1 1 1 1 0 0 0 1 1]
Iter:      1,  Train Loss:  0.69,  Train Acc: 51.56%,  Val Loss:  0.68,  Val Acc: 58.17%,  Time: 0:02:13 *
2-------6
验证集：
[0 0 0 1 0 0 0 0 0 1 0 1 0 0 1 0 0 0 1 0 0 0 0 0 0 1 0 0 0 0 0 0 0 0 1 0 0
 0 1 0 1 1 0 0 1 1 0 0 0 0 0 1 1 0 0 0 1 1 0 1 0 0 0 0 0 1 0 0 0 0 0 0 0 0
 0 1 0 0 0 0 1 0 0 1 1 0 0 0 0 1 1 0 0 0 0 0 0 0 0 0 0 0 0 0 1 0 0 0 0 0 0
 0 0 1 1 0 0 0 0 0 0 0 0 0 0 0 0 0 0 0 0 0 0 0 0 1 0 1 0 0 0 1 0 0 0 0 1 0
 0 1 0 0 0 0 1 0 1 1 0 0 1 0 0 1 0 0 0 1 0 0 1 1 0 0 0 1 1 1 0 1 0 0 0 1 0
 0 1 0 0 1 1 0 0 1 0 0 0 0 0 0 0 0 0 0 1 1 0 1 0 0 0 0 0 0 0 0 1 0 0 0 0 1
 1 0 0 0 1 0 0 1 0 0 1 0 0 0 1 0 0 1 0 0 0 0 1 0 1 0 0 0 1 0 0 0 0 1 1 0 0
 0 0 0 1 0 0 0 0 0 0 0 1 1 1 0 0 0 0 1 0 0 1 0 0 0 0 0 0 0 0 0 0 0 1 0 0 1
 1 1 1 1 0 1 0 1 0 0 0 1 1 1 1 0 0 0 0 1 0 0 0 0 1 0 0 0 0 0 1 0 0 0 0 0 0
 0 1 0 1 0 0 0 1 0 1 0 0 1 0 1 0]
[0 0 0 0 1 0 1 0 0 1 0 1 0 1 0 0 1 1 1 0 0 1 0 0 1 0 0 0 1 0 0 0 0 1 1 1 1
 0 1 1 1 0 0 0 0 0 0 0 0 0 1 0 1 0 0 0 1 0 0 0 0 0 0 0 1 1 0 0 0 1 0 0 0 0
 0 0 0 0 1 1 0 1 0 0 0 0 1 1 0 0 1 0 0 0 0 0 0 0 0 1 1 0 1 1 0 0 1 0 0 0 0
 0 0 0 1 1 0 0 0 0 0 0 0 0 1 0 0 0 0 1 0 1 1 1 1 0 0 0 1 0 0 0 0 0 0 1 1 1
 0 0 1 0 0 0 0 0 1 1 1 0 0 1 0 1 0 1 1 0 0 1 0 0 0 0 0 0 1 0 1 0 1 1 1 0 0
 1 0 0 1 1 0 0 0 0 0 1 0 0 0 0 1 1 1 0 1 0 0 1 0 0 0 0 0 0 0 0 0 1 1 1 1 1
 0 1 0 0 1 0 0 1 1 0 0 1 0 0 0 1 0 0 1 0 1 1 0 0 0 0 0 0 0 0 0 0 0 0 0 0 0
 1 0 0 0 0 0 0 0 0 1 0 1 0 0 0 1 0 0 0 1 0 0 1 0 0 0 0 0 0 0 0 0 0 0 0 0 0
 0 0 1 1 0 1 0 0 0 0 0 1 0 0 0 0 0 0 1 0 1 0 1 0 0 1 0 0 0 0 1 1 0 0 1 0 0
 0 0 0 1 0 0 0 1 0 1 0 0 0 0 1 1]
Iter:      2,  Train Loss:  0.67,  Train Acc: 63.28%,  Val Loss:  0.67,  Val Acc: 61.60%,  Time: 0:03:22 *
3-------6
验证集：
[0 0 0 1 0 0 0 0 0 1 0 1 0 0 1 0 0 0 1 0 0 0 0 0 0 1 0 0 0 0 0 0 0 0 1 0 0
 0 1 0 1 1 0 0 1 1 0 0 0 0 0 1 1 0 0 0 1 1 0 1 0 0 0 0 0 1 0 0 0 0 0 0 0 0
 0 1 0 0 0 0 1 0 0 1 1 0 0 0 0 1 1 0 0 0 0 0 0 0 0 0 0 0 0 0 1 0 0 0 0 0 0
 0 0 1 1 0 0 0 0 0 0 0 0 0 0 0 0 0 0 0 0 0 0 0 0 1 0 1 0 0 0 1 0 0 0 0 1 0
 0 1 0 0 0 0 1 0 1 1 0 0 1 0 0 1 0 0 0 1 0 0 1 1 0 0 0 1 1 1 0 1 0 0 0 1 0
 0 1 0 0 1 1 0 0 1 0 0 0 0 0 0 0 0 0 0 1 1 0 1 0 0 0 0 0 0 0 0 1 0 0 0 0 1
 1 0 0 0 1 0 0 1 0 0 1 0 0 0 1 0 0 1 0 0 0 0 1 0 1 0 0 0 1 0 0 0 0 1 1 0 0
 0 0 0 1 0 0 0 0 0 0 0 1 1 1 0 0 0 0 1 0 0 1 0 0 0 0 0 0 0 0 0 0 0 1 0 0 1
 1 1 1 1 0 1 0 1 0 0 0 1 1 1 1 0 0 0 0 1 0 0 0 0 1 0 0 0 0 0 1 0 0 0 0 0 0
 0 1 0 1 0 0 0 1 0 1 0 0 1 0 1 0]
[0 0 0 0 1 0 1 0 0 1 0 1 0 1 0 0 0 1 1 0 0 1 0 0 1 0 0 0 1 0 0 0 0 1 0 1 1
 0 0 1 1 0 0 0 0 0 0 0 0 0 1 0 0 0 0 0 1 0 0 0 0 0 0 0 1 1 0 0 0 0 0 0 0 0
 0 0 0 0 1 1 0 0 0 0 0 0 1 1 0 0 1 0 0 0 0 0 0 0 0 0 1 0 1 1 0 0 1 0 0 0 0
 0 0 0 1 0 0 0 0 0 0 0 0 0 1 0 0 0 0 1 0 0 1 1 1 0 0 0 1 0 0 0 0 0 0 1 1 1
 0 0 1 0 0 0 0 0 1 1 1 0 0 0 0 0 0 0 1 0 0 1 0 0 0 0 0 0 1 0 1 0 1 1 1 0 0
 1 0 0 1 0 0 0 0 0 0 1 0 0 0 0 1 1 1 0 1 0 0 1 0 0 0 0 0 0 0 0 0 1 1 1 1 1
 0 1 0 0 1 0 0 1 0 0 0 1 0 0 0 1 0 0 1 0 0 1 0 0 0 0 0 0 0 0 0 0 0 0 0 0 0
 1 0 0 0 0 0 0 0 0 1 0 1 0 0 0 1 0 0 0 1 0 0 1 0 0 0 0 0 0 0 0 0 0 0 0 0 0
 0 0 1 1 0 1 0 0 0 0 0 1 0 0 0 0 0 0 1 0 1 0 1 0 0 1 0 0 0 0 1 0 0 0 1 0 0
 0 0 0 1 0 0 0 1 0 1 0 0 0 0 1 1]
Iter:      3,  Train Loss:  0.65,  Train Acc: 64.06%,  Val Loss:  0.66,  Val Acc: 63.32%,  Time: 0:04:31 *
4-------6
验证集：
[0 0 0 1 0 0 0 0 0 1 0 1 0 0 1 0 0 0 1 0 0 0 0 0 0 1 0 0 0 0 0 0 0 0 1 0 0
 0 1 0 1 1 0 0 1 1 0 0 0 0 0 1 1 0 0 0 1 1 0 1 0 0 0 0 0 1 0 0 0 0 0 0 0 0
 0 1 0 0 0 0 1 0 0 1 1 0 0 0 0 1 1 0 0 0 0 0 0 0 0 0 0 0 0 0 1 0 0 0 0 0 0
 0 0 1 1 0 0 0 0 0 0 0 0 0 0 0 0 0 0 0 0 0 0 0 0 1 0 1 0 0 0 1 0 0 0 0 1 0
 0 1 0 0 0 0 1 0 1 1 0 0 1 0 0 1 0 0 0 1 0 0 1 1 0 0 0 1 1 1 0 1 0 0 0 1 0
 0 1 0 0 1 1 0 0 1 0 0 0 0 0 0 0 0 0 0 1 1 0 1 0 0 0 0 0 0 0 0 1 0 0 0 0 1
 1 0 0 0 1 0 0 1 0 0 1 0 0 0 1 0 0 1 0 0 0 0 1 0 1 0 0 0 1 0 0 0 0 1 1 0 0
 0 0 0 1 0 0 0 0 0 0 0 1 1 1 0 0 0 0 1 0 0 1 0 0 0 0 0 0 0 0 0 0 0 1 0 0 1
 1 1 1 1 0 1 0 1 0 0 0 1 1 1 1 0 0 0 0 1 0 0 0 0 1 0 0 0 0 0 1 0 0 0 0 0 0
 0 1 0 1 0 0 0 1 0 1 0 0 1 0 1 0]
[0 0 0 0 1 0 1 0 0 1 0 1 0 1 0 0 0 0 1 0 0 1 0 0 1 0 0 0 1 0 0 0 0 1 0 1 1
 0 0 0 1 0 0 0 0 0 0 0 0 0 1 0 0 0 0 0 1 0 0 0 0 0 0 0 1 1 0 0 0 0 0 0 0 0
 0 0 0 0 1 1 0 0 0 0 0 0 1 1 0 0 1 0 0 0 0 0 0 0 0 0 0 0 1 1 0 0 1 0 0 0 0
 0 0 0 0 0 0 0 0 0 0 0 0 0 1 0 0 0 0 1 0 0 1 1 1 0 0 0 0 0 0 0 0 0 0 1 1 1
 0 0 1 0 0 0 0 0 1 1 1 0 0 0 0 0 0 0 1 0 0 0 0 0 0 0 0 0 1 0 1 0 1 0 1 0 0
 1 0 0 0 0 0 0 0 0 0 1 0 0 0 0 1 1 1 0 1 0 0 1 0 0 0 0 0 0 0 0 0 1 1 1 1 1
 0 0 0 0 1 0 0 1 0 0 0 1 0 0 0 1 0 0 1 0 0 1 0 0 0 0 0 0 0 0 0 0 0 0 0 0 0
 1 0 0 0 0 0 0 0 0 1 0 1 0 0 0 1 0 0 0 0 0 0 1 0 0 0 0 0 0 0 0 0 0 0 0 0 0
 0 0 1 1 0 1 0 0 0 0 0 1 0 0 0 0 0 0 1 0 1 0 1 0 0 0 0 0 0 0 1 0 0 0 1 0 0
 0 0 0 1 0 0 0 1 0 1 0 0 0 0 1 1]
Iter:      4,  Train Loss:  0.65,  Train Acc: 65.62%,  Val Loss:  0.65,  Val Acc: 65.90%,  Time: 0:05:40 *
5-------6
验证集：
[0 0 0 1 0 0 0 0 0 1 0 1 0 0 1 0 0 0 1 0 0 0 0 0 0 1 0 0 0 0 0 0 0 0 1 0 0
 0 1 0 1 1 0 0 1 1 0 0 0 0 0 1 1 0 0 0 1 1 0 1 0 0 0 0 0 1 0 0 0 0 0 0 0 0
 0 1 0 0 0 0 1 0 0 1 1 0 0 0 0 1 1 0 0 0 0 0 0 0 0 0 0 0 0 0 1 0 0 0 0 0 0
 0 0 1 1 0 0 0 0 0 0 0 0 0 0 0 0 0 0 0 0 0 0 0 0 1 0 1 0 0 0 1 0 0 0 0 1 0
 0 1 0 0 0 0 1 0 1 1 0 0 1 0 0 1 0 0 0 1 0 0 1 1 0 0 0 1 1 1 0 1 0 0 0 1 0
 0 1 0 0 1 1 0 0 1 0 0 0 0 0 0 0 0 0 0 1 1 0 1 0 0 0 0 0 0 0 0 1 0 0 0 0 1
 1 0 0 0 1 0 0 1 0 0 1 0 0 0 1 0 0 1 0 0 0 0 1 0 1 0 0 0 1 0 0 0 0 1 1 0 0
 0 0 0 1 0 0 0 0 0 0 0 1 1 1 0 0 0 0 1 0 0 1 0 0 0 0 0 0 0 0 0 0 0 1 0 0 1
 1 1 1 1 0 1 0 1 0 0 0 1 1 1 1 0 0 0 0 1 0 0 0 0 1 0 0 0 0 0 1 0 0 0 0 0 0
 0 1 0 1 0 0 0 1 0 1 0 0 1 0 1 0]
[0 0 0 0 1 0 1 0 0 1 0 1 0 1 0 0 0 0 1 0 0 1 0 0 1 0 0 0 1 0 0 0 0 1 0 1 1
 0 0 0 1 0 0 0 0 0 0 0 0 0 1 0 0 0 0 0 1 0 0 0 0 0 0 0 1 1 0 0 0 0 0 0 0 0
 0 0 0 0 1 1 0 0 0 0 0 0 1 1 0 0 1 0 0 0 0 0 0 0 0 0 0 0 1 1 0 0 1 0 0 0 0
 0 0 0 0 0 0 0 0 0 0 0 0 0 1 0 0 0 0 1 0 0 1 1 0 0 0 0 0 0 0 0 0 0 0 1 1 1
 0 0 1 0 0 0 0 0 1 1 1 0 0 0 0 0 0 0 1 0 0 0 0 0 0 0 0 0 0 0 1 0 1 0 1 0 0
 1 0 0 0 0 0 0 0 0 0 1 0 0 0 0 1 1 1 0 1 0 0 1 0 0 0 0 0 0 0 0 0 1 1 1 1 1
 0 0 0 0 1 0 0 1 0 0 0 1 0 0 0 1 0 0 1 0 0 1 0 0 0 0 0 0 0 0 0 0 0 0 0 0 0
 1 0 0 0 0 0 0 0 0 1 0 1 0 0 0 1 0 0 0 0 0 0 1 0 0 0 0 0 0 0 0 0 0 0 0 0 0
 0 0 1 1 0 1 0 0 0 0 0 1 0 0 0 0 0 0 1 0 1 0 1 0 0 0 0 0 0 0 1 0 0 0 1 0 0
 0 0 0 1 0 0 0 1 0 0 0 0 0 0 1 1]
Iter:      5,  Train Loss:  0.66,  Train Acc: 65.35%,  Val Loss:  0.65,  Val Acc: 65.62%,  Time: 0:06:45 *
验证集：
[1 0 0 0 0 0 0 0 0 0 0 0 0 0 0 0 0 0 0 0 0 0 0 1 0 1 0 0 0 0 0 0 0 0 0 0 0
 0 0 0 0 0 0 0 0 0 0 0 0 0 0 0 0 0 0 0 1 1 0 0 0 1 0 0 0 0 0 0 0 0 0 0 1 0
 0 0 0 0 0 0 1 0 0 0 0 0 0 1 0 0 0 0 0 0 0 0 0 0 0 1 0 0 0 0 0 0 0 0 1 0 0
 0 0 0 0 0 0 0 0 0 0 0 0 0 0 0 1 0 0 0 1 0 0 0 0 1 0 1 0 0 0 0 0 0 1 0 0 0
 0 0 0 0 1 0 0 0 0 0 0 0 0 0 0 0 0 0 0 0 0 0 1 0 0 0 0 0 0 1 0 0 0 0 1 0 0
 0 0 0 0 0 0 0 0 0 0 0 0 0 0 0 0 0 0 0 0 0 0 0 0 0 0 1 0 0 1 0 0 0 1 0 0 0
 0 0 0 0 1 0 0 0 0 0 1 0 0 0 0 0 0 1 0 0 0 0 0 0 1 0 0 0 0 0 0 0 0 0 0 1 0
 0 0 0 0 0 0 0 0 0 0 0 0]
[1 0 1 0 1 0 1 0 0 1 0 0 0 0 0 0 0 0 0 1 1 0 0 0 0 1 0 0 1 0 1 0 0 0 1 1 1
 0 0 0 0 1 1 1 0 0 0 1 0 1 0 0 0 0 0 1 1 0 0 0 0 0 0 1 0 0 0 0 1 1 0 1 1 0
 0 0 0 1 0 0 0 1 0 1 0 0 1 0 1 0 0 0 1 0 0 0 0 0 1 0 0 1 1 0 1 0 1 0 1 0 0
 0 0 0 0 0 0 1 0 0 0 0 1 0 0 0 1 0 0 1 0 1 0 1 0 0 0 0 1 1 0 0 0 0 1 0 1 0
 0 0 0 1 0 0 0 0 1 0 0 0 0 0 0 0 0 0 0 0 0 0 0 0 0 0 1 0 0 0 1 1 0 0 1 0 0
 1 0 0 0 0 0 0 0 0 0 0 1 0 0 0 0 0 1 0 0 0 0 0 0 0 1 1 1 0 0 1 0 0 1 0 0 0
 0 0 1 0 0 0 0 1 0 0 0 1 0 0 0 0 0 1 0 0 0 0 0 0 0 0 1 0 0 0 0 0 0 1 0 0 0
 0 0 0 0 0 0 0 0 0 0 0 0]
Test Loss:   0.6,  Test Acc: 73.06%
Precision, Recall and F1-Score...
              precision    recall  f1-score   support

       clean     0.9167    0.7695    0.8367       243
       buggy     0.1642    0.3929    0.2316        28

    accuracy                         0.7306       271
   macro avg     0.5404    0.5812    0.5341       271
weighted avg     0.8389    0.7306    0.7742       271

Confusion Matrix...
[[187  56]
 [ 17  11]]
Time usage: 0:00:38

Process finished with exit code 0
