(untitled) test@tesutonoMacBook-Pro Bert-SDP %  python run.py --model bert_CNN_SDP
Loading data...
894it [00:07, 117.19it/s]
297it [00:02, 115.20it/s]
299it [00:03, 92.94it/s]
Time usage: 0:00:13
Epoch [1/3]
0-------14------(tensor([[  101, 23477, 10294,  ...,  8702,  2897,  2105],
        [  101, 23477, 10294,  ..., 11192,  5521, 11813],
        [  101, 23477, 10294,  ...,  3835, 15177,   168],
        ...,
        [  101, 23477, 10294,  ...,  1988,  3442,  1394],
        [  101, 23477, 10294,  ...,     0,     0,     0],
        [  101, 23477, 10294,  ...,  5815,  1891,   168]]), tensor([256, 256, 256, 256,  23, 256,  78, 256, 256,  82, 256,  23, 256, 256,
        256, 256, 256,  31, 256, 186, 133, 256, 256, 228, 256, 256,  58,  47,
        256, 256,  24, 256, 256, 256, 256,  30, 256, 256, 256, 256, 256, 256,
        256, 210, 256, 256, 256,  98,  53,  84, 256, 256, 193, 140, 256, 256,
        256, 256, 256, 182, 256, 256, 165, 256]), tensor([[1, 1, 1,  ..., 1, 1, 1],
        [1, 1, 1,  ..., 1, 1, 1],
        [1, 1, 1,  ..., 1, 1, 1],
        ...,
        [1, 1, 1,  ..., 1, 1, 1],
        [1, 1, 1,  ..., 0, 0, 0],
        [1, 1, 1,  ..., 1, 1, 1]]))!tensor([1, 0, 0, 0, 0, 0, 0, 0, 0, 0, 0, 0, 0, 0, 0, 0, 0, 0, 0, 0, 0, 0, 0, 1,
        0, 1, 0, 0, 0, 0, 0, 0, 0, 0, 0, 0, 0, 0, 0, 0, 0, 0, 0, 0, 0, 0, 0, 0,
        0, 0, 0, 0, 0, 0, 0, 0, 1, 1, 0, 0, 0, 1, 0, 0])
0-------14
/Users/test/Documents/GitHub/Bert-SDP/pytorch_pretrained/optimization.py:275: UserWarning: This overload of add_ is deprecated:
        add_(Number alpha, Tensor other)
Consider using one of the following signatures instead:
        add_(Tensor other, *, Number alpha) (Triggered internally at  ../torch/csrc/utils/python_arg_parser.cpp:1050.)
  next_m.mul_(beta1).add_(1 - beta1, grad)
Iter:      0,  Train Loss:  0.63,  Train Acc: 71.88%,  Val Loss:  0.64,  Val Acc: 75.76%,  Time: 0:08:43 *
1-------14------(tensor([[  101, 23477, 10294,  ...,     0,     0,     0],
        [  101, 23477, 10294,  ...,     0,     0,     0],
        [  101, 23477, 10294,  ...,  1394, 17105,   168],
        ...,
        [  101, 23477, 10294,  ...,  3963,  1665, 17442],
        [  101, 23477, 10294,  ...,  1891,   168,  1383],
        [  101, 23477, 10294,  ...,     0,     0,     0]]), tensor([103,  22, 256, 256,  15,  77, 124, 256, 256,  55, 256,  96, 256, 256,
        256, 256, 256, 256, 105, 132, 256, 256, 256, 256, 256, 256, 256, 256,
        256,  96, 256, 244, 256, 256, 256, 256,  62, 126,  27, 256, 190, 256,
        256, 256, 256, 256, 223, 136, 256, 256, 256, 256, 256, 256, 256, 256,
         99, 256, 256,  23,  10, 256, 256,  30]), tensor([[1, 1, 1,  ..., 0, 0, 0],
        [1, 1, 1,  ..., 0, 0, 0],
        [1, 1, 1,  ..., 1, 1, 1],
        ...,
        [1, 1, 1,  ..., 1, 1, 1],
        [1, 1, 1,  ..., 1, 1, 1],
        [1, 1, 1,  ..., 0, 0, 0]]))!tensor([0, 0, 0, 0, 0, 0, 0, 0, 1, 0, 0, 0, 0, 0, 0, 0, 1, 0, 0, 0, 0, 0, 0, 1,
        0, 0, 0, 0, 0, 0, 0, 0, 0, 0, 0, 1, 0, 0, 0, 0, 0, 0, 0, 0, 1, 0, 0, 0,
        0, 0, 0, 0, 0, 0, 0, 0, 0, 0, 0, 0, 0, 0, 1, 0])
1-------14
Iter:      1,  Train Loss:  0.62,  Train Acc: 62.50%,  Val Loss:   0.6,  Val Acc: 78.45%,  Time: 0:17:16 *
2-------14------(tensor([[  101, 23477, 10294,  ...,     0,     0,     0],
        [  101, 23477, 10294,  ..., 11708, 11135,  1988],
        [  101, 23477, 10294,  ...,  9366,  3442,  1394],
        ...,
        [  101, 23477, 10294,  ...,     0,     0,     0],
        [  101, 23477, 10294,  ...,  3792, 22472,  3442],
        [  101, 23477, 10294,  ...,   168,  1243,  1665]]), tensor([148, 256, 256, 256, 256, 256, 256, 256, 256, 256, 256,  95, 198,  89,
        256, 109, 256, 256,  91, 256, 138, 256, 116, 256, 256,  38, 160, 256,
         53, 256, 189, 189, 256,  26, 110, 102, 195, 185, 256, 145, 229, 256,
        195, 256, 230, 256, 242, 195, 256, 256, 256, 256,  75, 256, 256, 163,
        256, 256, 256, 256, 256,  74, 256, 256]), tensor([[1, 1, 1,  ..., 0, 0, 0],
        [1, 1, 1,  ..., 1, 1, 1],
        [1, 1, 1,  ..., 1, 1, 1],
        ...,
        [1, 1, 1,  ..., 0, 0, 0],
        [1, 1, 1,  ..., 1, 1, 1],
        [1, 1, 1,  ..., 1, 1, 1]]))!tensor([0, 0, 1, 0, 0, 0, 0, 1, 0, 1, 0, 0, 0, 0, 0, 0, 1, 0, 0, 0, 0, 0, 0, 0,
        1, 0, 0, 0, 0, 0, 0, 0, 0, 0, 0, 0, 0, 0, 0, 0, 0, 0, 1, 0, 0, 0, 0, 0,
        0, 1, 0, 0, 0, 0, 1, 0, 0, 0, 0, 0, 0, 0, 0, 0])
2-------14
Iter:      2,  Train Loss:   0.4,  Train Acc: 87.50%,  Val Loss:   1.1,  Val Acc: 78.45%,  Time: 0:25:37
3-------14------(tensor([[  101, 23477, 10294,  ...,     0,     0,     0],
        [  101, 23477, 10294,  ..., 15177,   168,  1705],
        [  101, 23477, 10294,  ...,   168,  1601,  3963],
        ...,
        [  101, 23477, 10294,  ...,  2007,  1665,  5815],
        [  101, 23477, 10294,  ...,     0,     0,     0],
        [  101, 23477, 10294,  ...,  3442,  1394, 17105]]), tensor([121, 256, 256,  99, 116,  91, 235, 256, 256, 122, 120, 256, 256,  97,
        142, 172, 256,  46, 256, 256, 256, 172, 256,  50, 249, 129, 256,  73,
        141, 160, 101,  19, 256,  83, 256, 256, 256, 254, 256, 256,  44, 256,
        246, 254, 204, 161, 195, 256, 256, 256, 209, 256,  13, 256, 256,  33,
         49, 256, 256, 256, 256, 256, 204, 256]), tensor([[1, 1, 1,  ..., 0, 0, 0],
        [1, 1, 1,  ..., 1, 1, 1],
        [1, 1, 1,  ..., 1, 1, 1],
        ...,
        [1, 1, 1,  ..., 1, 1, 1],
        [1, 1, 1,  ..., 0, 0, 0],
        [1, 1, 1,  ..., 1, 1, 1]]))!tensor([0, 0, 0, 0, 0, 0, 0, 0, 0, 0, 0, 0, 0, 0, 0, 0, 0, 0, 0, 1, 0, 0, 1, 0,
        0, 0, 1, 0, 0, 0, 0, 0, 0, 0, 1, 0, 0, 0, 0, 0, 1, 0, 0, 0, 0, 0, 0, 1,
        0, 0, 0, 0, 0, 0, 1, 0, 0, 0, 0, 0, 0, 0, 0, 0])
3-------14
Iter:      3,  Train Loss:  0.51,  Train Acc: 89.06%,  Val Loss:   1.2,  Val Acc: 78.45%,  Time: 0:33:57
4-------14------(tensor([[  101, 23477, 10294,  ...,  3835, 15177,   168],
        [  101, 23477, 10294,  ...,     0,     0,     0],
        [  101, 23477, 10294,  ...,  3442,  2007,  1665],
        ...,
        [  101, 23477, 10294,  ...,     0,     0,     0],
        [  101, 23477, 10294,  ...,  1394, 17105,   168],
        [  101, 23477, 10294,  ...,     0,     0,     0]]), tensor([256, 229, 256, 253, 116,  56, 256, 256, 234, 256,  23, 134,  62,  25,
        150,  22, 256, 256, 256, 189, 120, 124, 256, 256, 256, 142, 178,  82,
        256, 256, 230, 256,  83, 256, 101,  19, 256,  50, 249, 129, 256, 256,
        247, 256,  30, 256,  23, 256, 256, 217,  96, 256, 256, 256, 256, 256,
        256, 256, 223,  56, 256,  62, 256,  27]), tensor([[1, 1, 1,  ..., 1, 1, 1],
        [1, 1, 1,  ..., 0, 0, 0],
        [1, 1, 1,  ..., 1, 1, 1],
        ...,
        [1, 1, 1,  ..., 0, 0, 0],
        [1, 1, 1,  ..., 1, 1, 1],
        [1, 1, 1,  ..., 0, 0, 0]]))!tensor([0, 1, 0, 0, 0, 0, 0, 0, 0, 0, 0, 0, 0, 0, 0, 0, 0, 1, 1, 0, 0, 0, 0, 1,
        1, 0, 0, 0, 0, 0, 0, 0, 0, 0, 0, 0, 0, 0, 1, 0, 0, 0, 0, 0, 0, 0, 0, 1,
        1, 0, 0, 0, 0, 0, 0, 0, 0, 0, 0, 0, 0, 0, 0, 0])
4-------14
Iter:      4,  Train Loss:  0.66,  Train Acc: 87.50%,  Val Loss:   1.0,  Val Acc: 78.45%,  Time: 6:35:56
5-------14------(tensor([[  101, 23477, 10294,  ...,   168,  3076, 11708],
        [  101, 23477, 10294,  ...,   168,  5101,  1191],
        [  101, 23477, 10294,  ...,  2222, 19596,  1880],
        ...,
        [  101, 23477, 10294,  ...,  1200,  2180,  1197],
        [  101, 23477, 10294,  ...,     0,     0,     0],
        [  101, 23477, 10294,  ..., 26554,  2340,  3835]]), tensor([256, 256, 256, 256, 256, 256, 209, 256, 256, 148, 256, 256, 256, 256,
         96, 256, 256,  39, 256, 256, 256, 256, 256, 256, 256,  89, 256, 256,
         91, 256,  23, 116, 256, 256, 256,  33,  28, 256, 256, 256, 256, 256,
        256, 256, 256, 256, 256, 256,  23, 256, 116, 220,  78, 256, 256,  82,
        256,  23, 256, 256, 256, 256,  33, 256]), tensor([[1, 1, 1,  ..., 1, 1, 1],
        [1, 1, 1,  ..., 1, 1, 1],
        [1, 1, 1,  ..., 1, 1, 1],
        ...,
        [1, 1, 1,  ..., 1, 1, 1],
        [1, 1, 1,  ..., 0, 0, 0],
        [1, 1, 1,  ..., 1, 1, 1]]))!tensor([0, 0, 0, 0, 0, 1, 0, 1, 0, 0, 0, 1, 0, 0, 0, 0, 1, 0, 0, 1, 0, 0, 0, 0,
        1, 0, 1, 1, 0, 0, 1, 0, 0, 1, 0, 0, 0, 1, 0, 0, 1, 1, 0, 0, 0, 1, 1, 1,
        0, 1, 0, 0, 0, 1, 0, 0, 1, 0, 0, 1, 1, 0, 0, 1])
5-------14
Iter:      5,  Train Loss:   1.6,  Train Acc: 65.62%,  Val Loss:  0.62,  Val Acc: 78.45%,  Time: 10:57:50
6-------14------(tensor([[  101, 23477, 10294,  ...,     0,     0,     0],
        [  101, 23477, 10294,  ...,  5511, 10237,  1880],
        [  101, 23477, 10294,  ..., 19596,  1880,  1111],
        ...,
        [  101, 23477, 10294,  ..., 11135,  1988,  3442],
        [  101, 23477, 10294,  ..., 15232,  5511, 10237],
        [  101, 23477, 10294,  ..., 11784, 10237,  1880]]), tensor([116, 256, 256,  38, 256, 247, 178,  53, 228, 256, 256, 215, 256, 256,
         26, 110,  89, 102, 195, 210, 256, 145, 256,  78,  30, 256, 233, 256,
        256, 256, 256,  26, 256, 256, 256, 256, 256, 256, 256, 256,  75, 256,
        256,  84, 256, 256, 193, 256, 256, 256, 256, 256, 256, 256, 182, 256,
        256, 165,  85, 103, 235, 256, 256, 256]), tensor([[1, 1, 1,  ..., 0, 0, 0],
        [1, 1, 1,  ..., 1, 1, 1],
        [1, 1, 1,  ..., 1, 1, 1],
        ...,
        [1, 1, 1,  ..., 1, 1, 1],
        [1, 1, 1,  ..., 1, 1, 1],
        [1, 1, 1,  ..., 1, 1, 1]]))!tensor([0, 0, 0, 0, 0, 0, 0, 0, 0, 0, 1, 1, 0, 1, 0, 0, 0, 0, 0, 0, 0, 0, 1, 0,
        0, 0, 0, 1, 1, 0, 0, 0, 1, 0, 0, 1, 0, 0, 1, 0, 0, 0, 1, 0, 0, 1, 0, 0,
        0, 0, 1, 0, 1, 0, 0, 0, 1, 0, 0, 0, 0, 1, 1, 0])
6-------14





Iter:      6,  Train Loss:  0.68,  Train Acc: 75.00%,  Val Loss:  0.55,  Val Acc: 69.36%,  Time: 11:06:56 *
7-------14------(tensor([[  101, 23477, 10294,  ...,     0,     0,     0],
        [  101, 23477, 10294,  ...,     0,     0,     0],
        [  101, 23477, 10294,  ...,     0,     0,     0],
        ...,
        [  101, 23477, 10294,  ...,  1880,  5511, 10237],
        [  101, 23477, 10294,  ...,  5166, 10237,  1880],
        [  101, 23477, 10294,  ...,  1988,  3442,  2007]]), tensor([122,  15,  77, 256, 256,  97, 256,  62, 256, 256, 256, 256, 256, 256,
        160, 256, 256, 256, 256, 124, 138, 256, 256, 256, 148, 256, 256, 256,
        134,  62,  25, 182, 256, 256, 256,  48, 256, 256, 256, 256, 256, 256,
        256, 256, 254, 220, 161, 195,  85, 256, 256, 256, 256, 223,  13, 256,
        256, 256, 256,  46, 256, 256, 256, 256]), tensor([[1, 1, 1,  ..., 0, 0, 0],
        [1, 1, 1,  ..., 0, 0, 0],
        [1, 1, 1,  ..., 0, 0, 0],
        ...,
        [1, 1, 1,  ..., 1, 1, 1],
        [1, 1, 1,  ..., 1, 1, 1],
        [1, 1, 1,  ..., 1, 1, 1]]))!tensor([0, 0, 0, 0, 1, 0, 0, 0, 0, 0, 0, 0, 1, 1, 1, 0, 0, 0, 0, 1, 0, 0, 1, 0,
        0, 0, 0, 0, 0, 0, 0, 0, 0, 0, 1, 0, 0, 1, 1, 1, 1, 1, 0, 1, 0, 1, 0, 0,
        0, 1, 1, 1, 1, 0, 0, 0, 0, 1, 0, 0, 0, 0, 1, 0])
7-------14
Iter:      7,  Train Loss:  0.55,  Train Acc: 71.88%,  Val Loss:  0.96,  Val Acc: 42.09%,  Time: 11:15:37
8-------14------(tensor([[  101, 23477, 10294,  ...,     0,     0,     0],
        [  101, 23477, 10294,  ..., 16156, 14765,  3835],
        [  101, 23477, 10294,  ...,     0,     0,     0],
        ...,
        [  101, 23477, 10294,  ...,  3442,  1394, 17105],
        [  101, 23477, 10294,  ...,  1191, 19596,  1880],
        [  101, 23477, 10294,  ..., 17105,   168, 14713]]), tensor([172, 256,  39, 256, 256, 256, 256, 256, 256, 256, 256, 253, 256,  10,
        256,  56, 256, 249, 256,  49, 256, 256, 256, 256, 256, 256, 256, 256,
         65, 246, 256, 256,  16, 256, 256, 183, 256, 256, 193, 256,  83, 256,
        234, 256, 106,  13, 256, 256, 256, 256, 249, 145,  23, 256, 256, 152,
        256, 256,  23, 256, 256, 256, 256, 256]), tensor([[1, 1, 1,  ..., 0, 0, 0],
        [1, 1, 1,  ..., 1, 1, 1],
        [1, 1, 1,  ..., 0, 0, 0],
        ...,
        [1, 1, 1,  ..., 1, 1, 1],
        [1, 1, 1,  ..., 1, 1, 1],
        [1, 1, 1,  ..., 1, 1, 1]]))!tensor([0, 0, 0, 0, 1, 0, 0, 0, 0, 0, 0, 0, 1, 0, 1, 0, 0, 0, 1, 0, 1, 0, 0, 1,
        0, 1, 0, 1, 0, 0, 1, 0, 0, 0, 0, 0, 1, 0, 0, 1, 0, 1, 1, 0, 0, 0, 1, 1,
        0, 0, 0, 0, 0, 1, 0, 0, 0, 0, 0, 1, 0, 1, 0, 0])
8-------14
Iter:      8,  Train Loss:  0.86,  Train Acc: 48.44%,  Val Loss:  0.97,  Val Acc: 42.42%,  Time: 11:24:12
9-------14------(tensor([[  101, 23477, 10294,  ..., 17442,  1162,  3963],
        [  101, 23477, 10294,  ...,   168,  4031,  4184],
        [  101, 23477, 10294,  ...,     0,     0,     0],
        ...,
        [  101, 23477, 10294,  ..., 11708, 11135,  1988],
        [  101, 23477, 10294,  ..., 10237,  1880,  3442],
        [  101, 23477, 10294,  ...,  1191, 19596,  1880]]), tensor([256, 256,  26, 252, 256,  64, 256, 256, 256, 256,  67, 256, 256,  45,
        216, 256, 256, 256, 222, 256, 256,  45, 256, 256, 199, 256, 154, 256,
         68, 230, 256,  15, 111, 256, 256,  97, 256, 256, 256, 256, 256, 230,
        256, 256, 256, 256, 256, 256,  82, 256, 256, 256, 256, 256, 256, 256,
        134, 142, 256, 256, 256, 256, 256, 256]), tensor([[1, 1, 1,  ..., 1, 1, 1],
        [1, 1, 1,  ..., 1, 1, 1],
        [1, 1, 1,  ..., 0, 0, 0],
        ...,
        [1, 1, 1,  ..., 1, 1, 1],
        [1, 1, 1,  ..., 1, 1, 1],
        [1, 1, 1,  ..., 1, 1, 1]]))!tensor([0, 0, 0, 0, 0, 1, 1, 0, 0, 0, 0, 0, 0, 0, 0, 1, 1, 0, 0, 0, 0, 0, 1, 0,
        0, 0, 0, 1, 0, 0, 1, 0, 0, 0, 1, 0, 1, 1, 0, 1, 0, 0, 0, 1, 1, 0, 0, 1,
        0, 1, 0, 1, 1, 0, 0, 0, 1, 0, 1, 0, 0, 1, 0, 0])
9-------14
Iter:      9,  Train Loss:  0.88,  Train Acc: 48.44%,  Val Loss:  0.64,  Val Acc: 53.87%,  Time: 11:33:15
10-------14------(tensor([[  101, 23477, 10294,  ..., 11708, 11135,  1988],
        [  101, 23477, 10294,  ...,  2861, 10607,  4195],
        [  101, 23477, 10294,  ...,   168,  2663,  2568],
        ...,
        [  101, 23477, 10294,  ...,     0,     0,     0],
        [  101, 23477, 10294,  ...,  1880,  3835, 15177],
        [  101, 23477, 10294,  ...,  1705,  3442,  1394]]), tensor([256, 256, 256, 256, 256, 256,  97, 256, 256,  68, 256,  29, 256,  10,
        202, 256, 256,  56,  52, 256,  89, 256, 256, 256,  27,  86, 256, 256,
        256,  83, 256, 256,  23, 136, 103, 256, 225, 216,  30, 256, 256, 179,
        256, 256,  66, 133, 256, 159, 256,  74, 256, 256,  57, 256, 256, 244,
        256, 256, 102, 256, 148, 157, 256, 256]), tensor([[1, 1, 1,  ..., 1, 1, 1],
        [1, 1, 1,  ..., 1, 1, 1],
        [1, 1, 1,  ..., 1, 1, 1],
        ...,
        [1, 1, 1,  ..., 0, 0, 0],
        [1, 1, 1,  ..., 1, 1, 1],
        [1, 1, 1,  ..., 1, 1, 1]]))!tensor([0, 0, 0, 0, 1, 0, 0, 0, 0, 0, 1, 0, 0, 0, 0, 0, 1, 0, 0, 1, 0, 0, 0, 0,
        0, 0, 0, 0, 0, 0, 0, 0, 0, 0, 0, 0, 0, 0, 0, 0, 0, 0, 0, 0, 0, 0, 0, 0,
        0, 0, 1, 0, 0, 0, 0, 0, 0, 0, 0, 1, 0, 0, 0, 1])
10-------14
Iter:     10,  Train Loss:   0.6,  Train Acc: 54.69%,  Val Loss:  0.44,  Val Acc: 79.46%,  Time: 11:41:53 *
11-------14------(tensor([[  101, 23477, 10294,  ...,     0,     0,     0],
        [  101, 23477, 10294,  ...,  3835, 15177,   168],
        [  101, 23477, 10294,  ..., 10237,  1880,  3442],
        ...,
        [  101, 23477, 10294,  ...,     0,     0,     0],
        [  101, 23477, 10294,  ..., 15177,   168,  3076],
        [  101, 23477, 10294,  ...,  3442,  2007,  1665]]), tensor([ 30, 256, 256, 256,  24, 256, 256, 256, 256, 256,  83, 256, 251, 256,
        115, 256, 256, 256,  19, 256, 256, 256, 256, 256, 256, 256, 256, 256,
         25, 256, 138, 222, 256,  91, 182,  76, 256, 144, 124, 256, 256, 256,
        256,  28,  27, 256, 256, 256, 160, 256, 256, 256, 217, 256, 256,  23,
        256, 121, 256, 146, 256,  54, 256, 256]), tensor([[1, 1, 1,  ..., 0, 0, 0],
        [1, 1, 1,  ..., 1, 1, 1],
        [1, 1, 1,  ..., 1, 1, 1],
        ...,
        [1, 1, 1,  ..., 0, 0, 0],
        [1, 1, 1,  ..., 1, 1, 1],
        [1, 1, 1,  ..., 1, 1, 1]]))!tensor([0, 1, 0, 1, 0, 1, 1, 1, 0, 0, 0, 1, 1, 0, 0, 0, 0, 0, 0, 1, 0, 1, 0, 0,
        0, 0, 1, 1, 0, 0, 0, 1, 0, 0, 0, 0, 1, 0, 0, 0, 0, 0, 0, 0, 0, 0, 0, 1,
        0, 0, 1, 0, 0, 0, 0, 0, 1, 0, 0, 0, 0, 0, 0, 0])
11-------14
Iter:     11,  Train Loss:  0.48,  Train Acc: 76.56%,  Val Loss:   0.5,  Val Acc: 78.45%,  Time: 11:50:25
12-------14------(tensor([[  101, 23477, 10294,  ..., 10294,  5815,  1891],
        [  101, 23477, 10294,  ...,   168,  7758,  9332],
        [  101, 23477, 10294,  ...,  1988,  3442,  1394],
        ...,
        [  101, 23477, 10294,  ...,  1880,  3442,  1394],
        [  101, 23477, 10294,  ...,     0,     0,     0],
        [  101, 23477, 10294,  ...,     0,     0,     0]]), tensor([256, 256, 256, 256, 256, 256, 256, 256, 256, 256, 256, 256, 256, 256,
        256, 256, 256, 256, 256, 256, 256, 256, 121, 256,  39, 256, 256, 256,
         64,  15, 138,  39,  36,  62, 256,  88, 101, 254, 126, 256,  90,  53,
        256,  47, 256,  63, 256,  30, 256, 181,  41, 256, 256, 130,  42, 256,
        256, 256, 256, 256,  31, 256, 235,  58]), tensor([[1, 1, 1,  ..., 1, 1, 1],
        [1, 1, 1,  ..., 1, 1, 1],
        [1, 1, 1,  ..., 1, 1, 1],
        ...,
        [1, 1, 1,  ..., 1, 1, 1],
        [1, 1, 1,  ..., 0, 0, 0],
        [1, 1, 1,  ..., 0, 0, 0]]))!tensor([1, 1, 0, 1, 0, 1, 0, 1, 0, 0, 0, 0, 0, 0, 0, 0, 0, 1, 0, 1, 0, 1, 0, 1,
        0, 1, 0, 1, 0, 0, 0, 0, 0, 0, 0, 0, 0, 0, 0, 0, 0, 0, 0, 0, 0, 0, 1, 0,
        0, 0, 0, 0, 0, 0, 0, 0, 0, 0, 1, 0, 0, 1, 0, 0])
12-------14
Iter:     12,  Train Loss:  0.48,  Train Acc: 78.12%,  Val Loss:   0.5,  Val Acc: 78.45%,  Time: 11:59:16
13-------14------(tensor([[  101, 23477, 10294,  ..., 17105,   168,  1243],
        [  101, 23477, 10294,  ...,  2007,  1665,  5815],
        [  101, 23477, 10294,  ...,     0,     0,     0],
        ...,
        [  101, 23477, 10294,  ..., 16124,  3835, 15177],
        [  101, 23477, 10294,  ...,     0,     0,     0],
        [  101, 23477, 10294,  ...,  3835, 15177,   168]]), tensor([256, 256,  30,  37, 256, 209, 256, 256, 103, 256,  36, 256, 256, 256,
        256, 256,  47, 256, 256, 100,  59, 256, 148, 256, 256, 256, 256, 256,
        256, 256,  56, 256, 256, 256, 256, 213,  60,  54, 256, 145, 256, 256,
        256, 256, 230, 256, 256, 164, 256,  97,  75, 256, 256, 256, 256, 256,
        165, 256, 256, 256, 106, 256]), tensor([[1, 1, 1,  ..., 1, 1, 1],
        [1, 1, 1,  ..., 1, 1, 1],
        [1, 1, 1,  ..., 0, 0, 0],
        ...,
        [1, 1, 1,  ..., 1, 1, 1],
        [1, 1, 1,  ..., 0, 0, 0],
        [1, 1, 1,  ..., 1, 1, 1]]))!tensor([1, 0, 0, 0, 0, 0, 0, 1, 0, 0, 0, 1, 1, 0, 0, 0, 0, 0, 1, 0, 0, 1, 0, 0,
        0, 0, 0, 0, 0, 0, 0, 1, 0, 0, 0, 0, 0, 0, 1, 0, 1, 0, 1, 0, 0, 0, 1, 0,
        0, 0, 0, 0, 1, 0, 0, 0, 1, 1, 0, 0, 1, 0])
13-------14





Iter:     13,  Train Loss:  0.55,  Train Acc: 75.81%,  Val Loss:  0.45,  Val Acc: 78.79%,  Time: 12:08:11
Epoch [2/3]
0-------14------(tensor([[  101, 23477, 10294,  ...,  8702,  2897,  2105],
        [  101, 23477, 10294,  ..., 11192,  5521, 11813],
        [  101, 23477, 10294,  ...,  3835, 15177,   168],
        ...,
        [  101, 23477, 10294,  ...,  1988,  3442,  1394],
        [  101, 23477, 10294,  ...,     0,     0,     0],
        [  101, 23477, 10294,  ...,  5815,  1891,   168]]), tensor([256, 256, 256, 256,  23, 256,  78, 256, 256,  82, 256,  23, 256, 256,
        256, 256, 256,  31, 256, 186, 133, 256, 256, 228, 256, 256,  58,  47,
        256, 256,  24, 256, 256, 256, 256,  30, 256, 256, 256, 256, 256, 256,
        256, 210, 256, 256, 256,  98,  53,  84, 256, 256, 193, 140, 256, 256,
        256, 256, 256, 182, 256, 256, 165, 256]), tensor([[1, 1, 1,  ..., 1, 1, 1],
        [1, 1, 1,  ..., 1, 1, 1],
        [1, 1, 1,  ..., 1, 1, 1],
        ...,
        [1, 1, 1,  ..., 1, 1, 1],
        [1, 1, 1,  ..., 0, 0, 0],
        [1, 1, 1,  ..., 1, 1, 1]]))!tensor([1, 0, 0, 0, 0, 0, 0, 0, 0, 0, 0, 0, 0, 0, 0, 0, 0, 0, 0, 0, 0, 0, 0, 1,
        0, 1, 0, 0, 0, 0, 0, 0, 0, 0, 0, 0, 0, 0, 0, 0, 0, 0, 0, 0, 0, 0, 0, 0,
        0, 0, 0, 0, 0, 0, 0, 0, 1, 1, 0, 0, 0, 1, 0, 0])
0-------14


Iter:     14,  Train Loss:  0.27,  Train Acc: 92.19%,  Val Loss:  0.45,  Val Acc: 78.79%,  Time: 12:16:46
1-------14------(tensor([[  101, 23477, 10294,  ...,     0,     0,     0],
        [  101, 23477, 10294,  ...,     0,     0,     0],
        [  101, 23477, 10294,  ...,  1394, 17105,   168],
        ...,
        [  101, 23477, 10294,  ...,  3963,  1665, 17442],
        [  101, 23477, 10294,  ...,  1891,   168,  1383],
        [  101, 23477, 10294,  ...,     0,     0,     0]]), tensor([103,  22, 256, 256,  15,  77, 124, 256, 256,  55, 256,  96, 256, 256,
        256, 256, 256, 256, 105, 132, 256, 256, 256, 256, 256, 256, 256, 256,
        256,  96, 256, 244, 256, 256, 256, 256,  62, 126,  27, 256, 190, 256,
        256, 256, 256, 256, 223, 136, 256, 256, 256, 256, 256, 256, 256, 256,
         99, 256, 256,  23,  10, 256, 256,  30]), tensor([[1, 1, 1,  ..., 0, 0, 0],
        [1, 1, 1,  ..., 0, 0, 0],
        [1, 1, 1,  ..., 1, 1, 1],
        ...,
        [1, 1, 1,  ..., 1, 1, 1],
        [1, 1, 1,  ..., 1, 1, 1],
        [1, 1, 1,  ..., 0, 0, 0]]))!tensor([0, 0, 0, 0, 0, 0, 0, 0, 1, 0, 0, 0, 0, 0, 0, 0, 1, 0, 0, 0, 0, 0, 0, 1,
        0, 0, 0, 0, 0, 0, 0, 0, 0, 0, 0, 1, 0, 0, 0, 0, 0, 0, 0, 0, 1, 0, 0, 0,
        0, 0, 0, 0, 0, 0, 0, 0, 0, 0, 0, 0, 0, 0, 1, 0])
1-------14
Iter:     15,  Train Loss:  0.24,  Train Acc: 90.62%,  Val Loss:  0.49,  Val Acc: 78.45%,  Time: 12:25:11
2-------14------(tensor([[  101, 23477, 10294,  ...,     0,     0,     0],
        [  101, 23477, 10294,  ..., 11708, 11135,  1988],
        [  101, 23477, 10294,  ...,  9366,  3442,  1394],
        ...,
        [  101, 23477, 10294,  ...,     0,     0,     0],
        [  101, 23477, 10294,  ...,  3792, 22472,  3442],
        [  101, 23477, 10294,  ...,   168,  1243,  1665]]), tensor([148, 256, 256, 256, 256, 256, 256, 256, 256, 256, 256,  95, 198,  89,
        256, 109, 256, 256,  91, 256, 138, 256, 116, 256, 256,  38, 160, 256,
         53, 256, 189, 189, 256,  26, 110, 102, 195, 185, 256, 145, 229, 256,
        195, 256, 230, 256, 242, 195, 256, 256, 256, 256,  75, 256, 256, 163,
        256, 256, 256, 256, 256,  74, 256, 256]), tensor([[1, 1, 1,  ..., 0, 0, 0],
        [1, 1, 1,  ..., 1, 1, 1],
        [1, 1, 1,  ..., 1, 1, 1],
        ...,
        [1, 1, 1,  ..., 0, 0, 0],
        [1, 1, 1,  ..., 1, 1, 1],
        [1, 1, 1,  ..., 1, 1, 1]]))!tensor([0, 0, 1, 0, 0, 0, 0, 1, 0, 1, 0, 0, 0, 0, 0, 0, 1, 0, 0, 0, 0, 0, 0, 0,
        1, 0, 0, 0, 0, 0, 0, 0, 0, 0, 0, 0, 0, 0, 0, 0, 0, 0, 1, 0, 0, 0, 0, 0,
        0, 1, 0, 0, 0, 0, 1, 0, 0, 0, 0, 0, 0, 0, 0, 0])
2-------14
Iter:     16,  Train Loss:  0.26,  Train Acc: 90.62%,  Val Loss:  0.51,  Val Acc: 78.45%,  Time: 12:33:28
3-------14------(tensor([[  101, 23477, 10294,  ...,     0,     0,     0],
        [  101, 23477, 10294,  ..., 15177,   168,  1705],
        [  101, 23477, 10294,  ...,   168,  1601,  3963],
        ...,
        [  101, 23477, 10294,  ...,  2007,  1665,  5815],
        [  101, 23477, 10294,  ...,     0,     0,     0],
        [  101, 23477, 10294,  ...,  3442,  1394, 17105]]), tensor([121, 256, 256,  99, 116,  91, 235, 256, 256, 122, 120, 256, 256,  97,
        142, 172, 256,  46, 256, 256, 256, 172, 256,  50, 249, 129, 256,  73,
        141, 160, 101,  19, 256,  83, 256, 256, 256, 254, 256, 256,  44, 256,
        246, 254, 204, 161, 195, 256, 256, 256, 209, 256,  13, 256, 256,  33,
         49, 256, 256, 256, 256, 256, 204, 256]), tensor([[1, 1, 1,  ..., 0, 0, 0],
        [1, 1, 1,  ..., 1, 1, 1],
        [1, 1, 1,  ..., 1, 1, 1],
        ...,
        [1, 1, 1,  ..., 1, 1, 1],
        [1, 1, 1,  ..., 0, 0, 0],
        [1, 1, 1,  ..., 1, 1, 1]]))!tensor([0, 0, 0, 0, 0, 0, 0, 0, 0, 0, 0, 0, 0, 0, 0, 0, 0, 0, 0, 1, 0, 0, 1, 0,
        0, 0, 1, 0, 0, 0, 0, 0, 0, 0, 1, 0, 0, 0, 0, 0, 1, 0, 0, 0, 0, 0, 0, 1,
        0, 0, 0, 0, 0, 0, 1, 0, 0, 0, 0, 0, 0, 0, 0, 0])
3-------14
Iter:     17,  Train Loss:  0.27,  Train Acc: 89.06%,  Val Loss:  0.51,  Val Acc: 78.45%,  Time: 12:41:49
4-------14------(tensor([[  101, 23477, 10294,  ...,  3835, 15177,   168],
        [  101, 23477, 10294,  ...,     0,     0,     0],
        [  101, 23477, 10294,  ...,  3442,  2007,  1665],
        ...,
        [  101, 23477, 10294,  ...,     0,     0,     0],
        [  101, 23477, 10294,  ...,  1394, 17105,   168],
        [  101, 23477, 10294,  ...,     0,     0,     0]]), tensor([256, 229, 256, 253, 116,  56, 256, 256, 234, 256,  23, 134,  62,  25,
        150,  22, 256, 256, 256, 189, 120, 124, 256, 256, 256, 142, 178,  82,
        256, 256, 230, 256,  83, 256, 101,  19, 256,  50, 249, 129, 256, 256,
        247, 256,  30, 256,  23, 256, 256, 217,  96, 256, 256, 256, 256, 256,
        256, 256, 223,  56, 256,  62, 256,  27]), tensor([[1, 1, 1,  ..., 1, 1, 1],
        [1, 1, 1,  ..., 0, 0, 0],
        [1, 1, 1,  ..., 1, 1, 1],
        ...,
        [1, 1, 1,  ..., 0, 0, 0],
        [1, 1, 1,  ..., 1, 1, 1],
        [1, 1, 1,  ..., 0, 0, 0]]))!tensor([0, 1, 0, 0, 0, 0, 0, 0, 0, 0, 0, 0, 0, 0, 0, 0, 0, 1, 1, 0, 0, 0, 0, 1,
        1, 0, 0, 0, 0, 0, 0, 0, 0, 0, 0, 0, 0, 0, 1, 0, 0, 0, 0, 0, 0, 0, 0, 1,
        1, 0, 0, 0, 0, 0, 0, 0, 0, 0, 0, 0, 0, 0, 0, 0])
4-------14
Iter:     18,  Train Loss:  0.28,  Train Acc: 85.94%,  Val Loss:  0.49,  Val Acc: 78.79%,  Time: 12:50:10
5-------14------(tensor([[  101, 23477, 10294,  ...,   168,  3076, 11708],
        [  101, 23477, 10294,  ...,   168,  5101,  1191],
        [  101, 23477, 10294,  ...,  2222, 19596,  1880],
        ...,
        [  101, 23477, 10294,  ...,  1200,  2180,  1197],
        [  101, 23477, 10294,  ...,     0,     0,     0],
        [  101, 23477, 10294,  ..., 26554,  2340,  3835]]), tensor([256, 256, 256, 256, 256, 256, 209, 256, 256, 148, 256, 256, 256, 256,
         96, 256, 256,  39, 256, 256, 256, 256, 256, 256, 256,  89, 256, 256,
         91, 256,  23, 116, 256, 256, 256,  33,  28, 256, 256, 256, 256, 256,
        256, 256, 256, 256, 256, 256,  23, 256, 116, 220,  78, 256, 256,  82,
        256,  23, 256, 256, 256, 256,  33, 256]), tensor([[1, 1, 1,  ..., 1, 1, 1],
        [1, 1, 1,  ..., 1, 1, 1],
        [1, 1, 1,  ..., 1, 1, 1],
        ...,
        [1, 1, 1,  ..., 1, 1, 1],
        [1, 1, 1,  ..., 0, 0, 0],
        [1, 1, 1,  ..., 1, 1, 1]]))!tensor([0, 0, 0, 0, 0, 1, 0, 1, 0, 0, 0, 1, 0, 0, 0, 0, 1, 0, 0, 1, 0, 0, 0, 0,
        1, 0, 1, 1, 0, 0, 1, 0, 0, 1, 0, 0, 0, 1, 0, 0, 1, 1, 0, 0, 0, 1, 1, 1,
        0, 1, 0, 0, 0, 1, 0, 0, 1, 0, 0, 1, 1, 0, 0, 1])
5-------14
Iter:     19,  Train Loss:  0.71,  Train Acc: 68.75%,  Val Loss:  0.44,  Val Acc: 80.47%,  Time: 12:58:37 *
6-------14------(tensor([[  101, 23477, 10294,  ...,     0,     0,     0],
        [  101, 23477, 10294,  ...,  5511, 10237,  1880],
        [  101, 23477, 10294,  ..., 19596,  1880,  1111],
        ...,
        [  101, 23477, 10294,  ..., 11135,  1988,  3442],
        [  101, 23477, 10294,  ..., 15232,  5511, 10237],
        [  101, 23477, 10294,  ..., 11784, 10237,  1880]]), tensor([116, 256, 256,  38, 256, 247, 178,  53, 228, 256, 256, 215, 256, 256,
         26, 110,  89, 102, 195, 210, 256, 145, 256,  78,  30, 256, 233, 256,
        256, 256, 256,  26, 256, 256, 256, 256, 256, 256, 256, 256,  75, 256,
        256,  84, 256, 256, 193, 256, 256, 256, 256, 256, 256, 256, 182, 256,
        256, 165,  85, 103, 235, 256, 256, 256]), tensor([[1, 1, 1,  ..., 0, 0, 0],
        [1, 1, 1,  ..., 1, 1, 1],
        [1, 1, 1,  ..., 1, 1, 1],
        ...,
        [1, 1, 1,  ..., 1, 1, 1],
        [1, 1, 1,  ..., 1, 1, 1],
        [1, 1, 1,  ..., 1, 1, 1]]))!tensor([0, 0, 0, 0, 0, 0, 0, 0, 0, 0, 1, 1, 0, 1, 0, 0, 0, 0, 0, 0, 0, 0, 1, 0,
        0, 0, 0, 1, 1, 0, 0, 0, 1, 0, 0, 1, 0, 0, 1, 0, 0, 0, 1, 0, 0, 1, 0, 0,
        0, 0, 1, 0, 1, 0, 0, 0, 1, 0, 0, 0, 0, 1, 1, 0])
6-------14
Iter:     20,  Train Loss:  0.39,  Train Acc: 79.69%,  Val Loss:  0.46,  Val Acc: 75.08%,  Time: 13:07:32
7-------14------(tensor([[  101, 23477, 10294,  ...,     0,     0,     0],
        [  101, 23477, 10294,  ...,     0,     0,     0],
        [  101, 23477, 10294,  ...,     0,     0,     0],
        ...,
        [  101, 23477, 10294,  ...,  1880,  5511, 10237],
        [  101, 23477, 10294,  ...,  5166, 10237,  1880],
        [  101, 23477, 10294,  ...,  1988,  3442,  2007]]), tensor([122,  15,  77, 256, 256,  97, 256,  62, 256, 256, 256, 256, 256, 256,
        160, 256, 256, 256, 256, 124, 138, 256, 256, 256, 148, 256, 256, 256,
        134,  62,  25, 182, 256, 256, 256,  48, 256, 256, 256, 256, 256, 256,
        256, 256, 254, 220, 161, 195,  85, 256, 256, 256, 256, 223,  13, 256,
        256, 256, 256,  46, 256, 256, 256, 256]), tensor([[1, 1, 1,  ..., 0, 0, 0],
        [1, 1, 1,  ..., 0, 0, 0],
        [1, 1, 1,  ..., 0, 0, 0],
        ...,
        [1, 1, 1,  ..., 1, 1, 1],
        [1, 1, 1,  ..., 1, 1, 1],
        [1, 1, 1,  ..., 1, 1, 1]]))!tensor([0, 0, 0, 0, 1, 0, 0, 0, 0, 0, 0, 0, 1, 1, 1, 0, 0, 0, 0, 1, 0, 0, 1, 0,
        0, 0, 0, 0, 0, 0, 0, 0, 0, 0, 1, 0, 0, 1, 1, 1, 1, 1, 0, 1, 0, 1, 0, 0,
        0, 1, 1, 1, 1, 0, 0, 0, 0, 1, 0, 0, 0, 0, 1, 0])
7-------14
Iter:     21,  Train Loss:  0.49,  Train Acc: 75.00%,  Val Loss:  0.56,  Val Acc: 68.69%,  Time: 13:16:33
8-------14------(tensor([[  101, 23477, 10294,  ...,     0,     0,     0],
        [  101, 23477, 10294,  ..., 16156, 14765,  3835],
        [  101, 23477, 10294,  ...,     0,     0,     0],
        ...,
        [  101, 23477, 10294,  ...,  3442,  1394, 17105],
        [  101, 23477, 10294,  ...,  1191, 19596,  1880],
        [  101, 23477, 10294,  ..., 17105,   168, 14713]]), tensor([172, 256,  39, 256, 256, 256, 256, 256, 256, 256, 256, 253, 256,  10,
        256,  56, 256, 249, 256,  49, 256, 256, 256, 256, 256, 256, 256, 256,
         65, 246, 256, 256,  16, 256, 256, 183, 256, 256, 193, 256,  83, 256,
        234, 256, 106,  13, 256, 256, 256, 256, 249, 145,  23, 256, 256, 152,
        256, 256,  23, 256, 256, 256, 256, 256]), tensor([[1, 1, 1,  ..., 0, 0, 0],
        [1, 1, 1,  ..., 1, 1, 1],
        [1, 1, 1,  ..., 0, 0, 0],
        ...,
        [1, 1, 1,  ..., 1, 1, 1],
        [1, 1, 1,  ..., 1, 1, 1],
        [1, 1, 1,  ..., 1, 1, 1]]))!tensor([0, 0, 0, 0, 1, 0, 0, 0, 0, 0, 0, 0, 1, 0, 1, 0, 0, 0, 1, 0, 1, 0, 0, 1,
        0, 1, 0, 1, 0, 0, 1, 0, 0, 0, 0, 0, 1, 0, 0, 1, 0, 1, 1, 0, 0, 0, 1, 1,
        0, 0, 0, 0, 0, 1, 0, 0, 0, 0, 0, 1, 0, 1, 0, 0])
8-------14
Iter:     22,  Train Loss:  0.46,  Train Acc: 71.88%,  Val Loss:  0.61,  Val Acc: 62.63%,  Time: 13:25:10
9-------14------(tensor([[  101, 23477, 10294,  ..., 17442,  1162,  3963],
        [  101, 23477, 10294,  ...,   168,  4031,  4184],
        [  101, 23477, 10294,  ...,     0,     0,     0],
        ...,
        [  101, 23477, 10294,  ..., 11708, 11135,  1988],
        [  101, 23477, 10294,  ..., 10237,  1880,  3442],
        [  101, 23477, 10294,  ...,  1191, 19596,  1880]]), tensor([256, 256,  26, 252, 256,  64, 256, 256, 256, 256,  67, 256, 256,  45,
        216, 256, 256, 256, 222, 256, 256,  45, 256, 256, 199, 256, 154, 256,
         68, 230, 256,  15, 111, 256, 256,  97, 256, 256, 256, 256, 256, 230,
        256, 256, 256, 256, 256, 256,  82, 256, 256, 256, 256, 256, 256, 256,
        134, 142, 256, 256, 256, 256, 256, 256]), tensor([[1, 1, 1,  ..., 1, 1, 1],
        [1, 1, 1,  ..., 1, 1, 1],
        [1, 1, 1,  ..., 0, 0, 0],
        ...,
        [1, 1, 1,  ..., 1, 1, 1],
        [1, 1, 1,  ..., 1, 1, 1],
        [1, 1, 1,  ..., 1, 1, 1]]))!tensor([0, 0, 0, 0, 0, 1, 1, 0, 0, 0, 0, 0, 0, 0, 0, 1, 1, 0, 0, 0, 0, 0, 1, 0,
        0, 0, 0, 1, 0, 0, 1, 0, 0, 0, 1, 0, 1, 1, 0, 1, 0, 0, 0, 1, 1, 0, 0, 1,
        0, 1, 0, 1, 1, 0, 0, 0, 1, 0, 1, 0, 0, 1, 0, 0])
9-------14
Iter:     23,  Train Loss:  0.56,  Train Acc: 71.88%,  Val Loss:  0.58,  Val Acc: 65.32%,  Time: 13:33:42
10-------14------(tensor([[  101, 23477, 10294,  ..., 11708, 11135,  1988],
        [  101, 23477, 10294,  ...,  2861, 10607,  4195],
        [  101, 23477, 10294,  ...,   168,  2663,  2568],
        ...,
        [  101, 23477, 10294,  ...,     0,     0,     0],
        [  101, 23477, 10294,  ...,  1880,  3835, 15177],
        [  101, 23477, 10294,  ...,  1705,  3442,  1394]]), tensor([256, 256, 256, 256, 256, 256,  97, 256, 256,  68, 256,  29, 256,  10,
        202, 256, 256,  56,  52, 256,  89, 256, 256, 256,  27,  86, 256, 256,
        256,  83, 256, 256,  23, 136, 103, 256, 225, 216,  30, 256, 256, 179,
        256, 256,  66, 133, 256, 159, 256,  74, 256, 256,  57, 256, 256, 244,
        256, 256, 102, 256, 148, 157, 256, 256]), tensor([[1, 1, 1,  ..., 1, 1, 1],
        [1, 1, 1,  ..., 1, 1, 1],
        [1, 1, 1,  ..., 1, 1, 1],
        ...,
        [1, 1, 1,  ..., 0, 0, 0],
        [1, 1, 1,  ..., 1, 1, 1],
        [1, 1, 1,  ..., 1, 1, 1]]))!tensor([0, 0, 0, 0, 1, 0, 0, 0, 0, 0, 1, 0, 0, 0, 0, 0, 1, 0, 0, 1, 0, 0, 0, 0,
        0, 0, 0, 0, 0, 0, 0, 0, 0, 0, 0, 0, 0, 0, 0, 0, 0, 0, 0, 0, 0, 0, 0, 0,
        0, 0, 1, 0, 0, 0, 0, 0, 0, 0, 0, 1, 0, 0, 0, 1])
10-------14
Iter:     24,  Train Loss:  0.53,  Train Acc: 60.94%,  Val Loss:   0.5,  Val Acc: 74.41%,  Time: 13:42:08
11-------14------(tensor([[  101, 23477, 10294,  ...,     0,     0,     0],
        [  101, 23477, 10294,  ...,  3835, 15177,   168],
        [  101, 23477, 10294,  ..., 10237,  1880,  3442],
        ...,
        [  101, 23477, 10294,  ...,     0,     0,     0],
        [  101, 23477, 10294,  ..., 15177,   168,  3076],
        [  101, 23477, 10294,  ...,  3442,  2007,  1665]]), tensor([ 30, 256, 256, 256,  24, 256, 256, 256, 256, 256,  83, 256, 251, 256,
        115, 256, 256, 256,  19, 256, 256, 256, 256, 256, 256, 256, 256, 256,
         25, 256, 138, 222, 256,  91, 182,  76, 256, 144, 124, 256, 256, 256,
        256,  28,  27, 256, 256, 256, 160, 256, 256, 256, 217, 256, 256,  23,
        256, 121, 256, 146, 256,  54, 256, 256]), tensor([[1, 1, 1,  ..., 0, 0, 0],
        [1, 1, 1,  ..., 1, 1, 1],
        [1, 1, 1,  ..., 1, 1, 1],
        ...,
        [1, 1, 1,  ..., 0, 0, 0],
        [1, 1, 1,  ..., 1, 1, 1],
        [1, 1, 1,  ..., 1, 1, 1]]))!tensor([0, 1, 0, 1, 0, 1, 1, 1, 0, 0, 0, 1, 1, 0, 0, 0, 0, 0, 0, 1, 0, 1, 0, 0,
        0, 0, 1, 1, 0, 0, 0, 1, 0, 0, 0, 0, 1, 0, 0, 0, 0, 0, 0, 0, 0, 0, 0, 1,
        0, 0, 1, 0, 0, 0, 0, 0, 1, 0, 0, 0, 0, 0, 0, 0])
11-------14
Iter:     25,  Train Loss:  0.44,  Train Acc: 79.69%,  Val Loss:  0.44,  Val Acc: 77.44%,  Time: 13:50:40
12-------14------(tensor([[  101, 23477, 10294,  ..., 10294,  5815,  1891],
        [  101, 23477, 10294,  ...,   168,  7758,  9332],
        [  101, 23477, 10294,  ...,  1988,  3442,  1394],
        ...,
        [  101, 23477, 10294,  ...,  1880,  3442,  1394],
        [  101, 23477, 10294,  ...,     0,     0,     0],
        [  101, 23477, 10294,  ...,     0,     0,     0]]), tensor([256, 256, 256, 256, 256, 256, 256, 256, 256, 256, 256, 256, 256, 256,
        256, 256, 256, 256, 256, 256, 256, 256, 121, 256,  39, 256, 256, 256,
         64,  15, 138,  39,  36,  62, 256,  88, 101, 254, 126, 256,  90,  53,
        256,  47, 256,  63, 256,  30, 256, 181,  41, 256, 256, 130,  42, 256,
        256, 256, 256, 256,  31, 256, 235,  58]), tensor([[1, 1, 1,  ..., 1, 1, 1],
        [1, 1, 1,  ..., 1, 1, 1],
        [1, 1, 1,  ..., 1, 1, 1],
        ...,
        [1, 1, 1,  ..., 1, 1, 1],
        [1, 1, 1,  ..., 0, 0, 0],
        [1, 1, 1,  ..., 0, 0, 0]]))!tensor([1, 1, 0, 1, 0, 1, 0, 1, 0, 0, 0, 0, 0, 0, 0, 0, 0, 1, 0, 1, 0, 1, 0, 1,
        0, 1, 0, 1, 0, 0, 0, 0, 0, 0, 0, 0, 0, 0, 0, 0, 0, 0, 0, 0, 0, 0, 1, 0,
        0, 0, 0, 0, 0, 0, 0, 0, 0, 0, 1, 0, 0, 1, 0, 0])
12-------14
Iter:     26,  Train Loss:  0.33,  Train Acc: 89.06%,  Val Loss:  0.44,  Val Acc: 79.46%,  Time: 13:59:14
13-------14------(tensor([[  101, 23477, 10294,  ..., 17105,   168,  1243],
        [  101, 23477, 10294,  ...,  2007,  1665,  5815],
        [  101, 23477, 10294,  ...,     0,     0,     0],
        ...,
        [  101, 23477, 10294,  ..., 16124,  3835, 15177],
        [  101, 23477, 10294,  ...,     0,     0,     0],
        [  101, 23477, 10294,  ...,  3835, 15177,   168]]), tensor([256, 256,  30,  37, 256, 209, 256, 256, 103, 256,  36, 256, 256, 256,
        256, 256,  47, 256, 256, 100,  59, 256, 148, 256, 256, 256, 256, 256,
        256, 256,  56, 256, 256, 256, 256, 213,  60,  54, 256, 145, 256, 256,
        256, 256, 230, 256, 256, 164, 256,  97,  75, 256, 256, 256, 256, 256,
        165, 256, 256, 256, 106, 256]), tensor([[1, 1, 1,  ..., 1, 1, 1],
        [1, 1, 1,  ..., 1, 1, 1],
        [1, 1, 1,  ..., 0, 0, 0],
        ...,
        [1, 1, 1,  ..., 1, 1, 1],
        [1, 1, 1,  ..., 0, 0, 0],
        [1, 1, 1,  ..., 1, 1, 1]]))!tensor([1, 0, 0, 0, 0, 0, 0, 1, 0, 0, 0, 1, 1, 0, 0, 0, 0, 0, 1, 0, 0, 1, 0, 0,
        0, 0, 0, 0, 0, 0, 0, 1, 0, 0, 0, 0, 0, 0, 1, 0, 1, 0, 1, 0, 0, 0, 1, 0,
        0, 0, 0, 0, 1, 0, 0, 0, 1, 1, 0, 0, 1, 0])
13-------14
Iter:     27,  Train Loss:  0.42,  Train Acc: 79.03%,  Val Loss:  0.47,  Val Acc: 79.46%,  Time: 14:07:41
Epoch [3/3]
0-------14------(tensor([[  101, 23477, 10294,  ...,  8702,  2897,  2105],
        [  101, 23477, 10294,  ..., 11192,  5521, 11813],
        [  101, 23477, 10294,  ...,  3835, 15177,   168],
        ...,
        [  101, 23477, 10294,  ...,  1988,  3442,  1394],
        [  101, 23477, 10294,  ...,     0,     0,     0],
        [  101, 23477, 10294,  ...,  5815,  1891,   168]]), tensor([256, 256, 256, 256,  23, 256,  78, 256, 256,  82, 256,  23, 256, 256,
        256, 256, 256,  31, 256, 186, 133, 256, 256, 228, 256, 256,  58,  47,
        256, 256,  24, 256, 256, 256, 256,  30, 256, 256, 256, 256, 256, 256,
        256, 210, 256, 256, 256,  98,  53,  84, 256, 256, 193, 140, 256, 256,
        256, 256, 256, 182, 256, 256, 165, 256]), tensor([[1, 1, 1,  ..., 1, 1, 1],
        [1, 1, 1,  ..., 1, 1, 1],
        [1, 1, 1,  ..., 1, 1, 1],
        ...,
        [1, 1, 1,  ..., 1, 1, 1],
        [1, 1, 1,  ..., 0, 0, 0],
        [1, 1, 1,  ..., 1, 1, 1]]))!tensor([1, 0, 0, 0, 0, 0, 0, 0, 0, 0, 0, 0, 0, 0, 0, 0, 0, 0, 0, 0, 0, 0, 0, 1,
        0, 1, 0, 0, 0, 0, 0, 0, 0, 0, 0, 0, 0, 0, 0, 0, 0, 0, 0, 0, 0, 0, 0, 0,
        0, 0, 0, 0, 0, 0, 0, 0, 1, 1, 0, 0, 0, 1, 0, 0])
0-------14
Iter:     28,  Train Loss:  0.27,  Train Acc: 89.06%,  Val Loss:  0.53,  Val Acc: 78.45%,  Time: 14:16:06
1-------14------(tensor([[  101, 23477, 10294,  ...,     0,     0,     0],
        [  101, 23477, 10294,  ...,     0,     0,     0],
        [  101, 23477, 10294,  ...,  1394, 17105,   168],
        ...,
        [  101, 23477, 10294,  ...,  3963,  1665, 17442],
        [  101, 23477, 10294,  ...,  1891,   168,  1383],
        [  101, 23477, 10294,  ...,     0,     0,     0]]), tensor([103,  22, 256, 256,  15,  77, 124, 256, 256,  55, 256,  96, 256, 256,
        256, 256, 256, 256, 105, 132, 256, 256, 256, 256, 256, 256, 256, 256,
        256,  96, 256, 244, 256, 256, 256, 256,  62, 126,  27, 256, 190, 256,
        256, 256, 256, 256, 223, 136, 256, 256, 256, 256, 256, 256, 256, 256,
         99, 256, 256,  23,  10, 256, 256,  30]), tensor([[1, 1, 1,  ..., 0, 0, 0],
        [1, 1, 1,  ..., 0, 0, 0],
        [1, 1, 1,  ..., 1, 1, 1],
        ...,
        [1, 1, 1,  ..., 1, 1, 1],
        [1, 1, 1,  ..., 1, 1, 1],
        [1, 1, 1,  ..., 0, 0, 0]]))!tensor([0, 0, 0, 0, 0, 0, 0, 0, 1, 0, 0, 0, 0, 0, 0, 0, 1, 0, 0, 0, 0, 0, 0, 1,
        0, 0, 0, 0, 0, 0, 0, 0, 0, 0, 0, 1, 0, 0, 0, 0, 0, 0, 0, 0, 1, 0, 0, 0,
        0, 0, 0, 0, 0, 0, 0, 0, 0, 0, 0, 0, 0, 0, 1, 0])
1-------14
Iter:     29,  Train Loss:  0.23,  Train Acc: 90.62%,  Val Loss:  0.58,  Val Acc: 78.11%,  Time: 14:24:30
2-------14------(tensor([[  101, 23477, 10294,  ...,     0,     0,     0],
        [  101, 23477, 10294,  ..., 11708, 11135,  1988],
        [  101, 23477, 10294,  ...,  9366,  3442,  1394],
        ...,
        [  101, 23477, 10294,  ...,     0,     0,     0],
        [  101, 23477, 10294,  ...,  3792, 22472,  3442],
        [  101, 23477, 10294,  ...,   168,  1243,  1665]]), tensor([148, 256, 256, 256, 256, 256, 256, 256, 256, 256, 256,  95, 198,  89,
        256, 109, 256, 256,  91, 256, 138, 256, 116, 256, 256,  38, 160, 256,
         53, 256, 189, 189, 256,  26, 110, 102, 195, 185, 256, 145, 229, 256,
        195, 256, 230, 256, 242, 195, 256, 256, 256, 256,  75, 256, 256, 163,
        256, 256, 256, 256, 256,  74, 256, 256]), tensor([[1, 1, 1,  ..., 0, 0, 0],
        [1, 1, 1,  ..., 1, 1, 1],
        [1, 1, 1,  ..., 1, 1, 1],
        ...,
        [1, 1, 1,  ..., 0, 0, 0],
        [1, 1, 1,  ..., 1, 1, 1],
        [1, 1, 1,  ..., 1, 1, 1]]))!tensor([0, 0, 1, 0, 0, 0, 0, 1, 0, 1, 0, 0, 0, 0, 0, 0, 1, 0, 0, 0, 0, 0, 0, 0,
        1, 0, 0, 0, 0, 0, 0, 0, 0, 0, 0, 0, 0, 0, 0, 0, 0, 0, 1, 0, 0, 0, 0, 0,
        0, 1, 0, 0, 0, 0, 1, 0, 0, 0, 0, 0, 0, 0, 0, 0])
2-------14
Iter:     30,  Train Loss:  0.24,  Train Acc: 89.06%,  Val Loss:   0.6,  Val Acc: 78.11%,  Time: 14:32:59
3-------14------(tensor([[  101, 23477, 10294,  ...,     0,     0,     0],
        [  101, 23477, 10294,  ..., 15177,   168,  1705],
        [  101, 23477, 10294,  ...,   168,  1601,  3963],
        ...,
        [  101, 23477, 10294,  ...,  2007,  1665,  5815],
        [  101, 23477, 10294,  ...,     0,     0,     0],
        [  101, 23477, 10294,  ...,  3442,  1394, 17105]]), tensor([121, 256, 256,  99, 116,  91, 235, 256, 256, 122, 120, 256, 256,  97,
        142, 172, 256,  46, 256, 256, 256, 172, 256,  50, 249, 129, 256,  73,
        141, 160, 101,  19, 256,  83, 256, 256, 256, 254, 256, 256,  44, 256,
        246, 254, 204, 161, 195, 256, 256, 256, 209, 256,  13, 256, 256,  33,
         49, 256, 256, 256, 256, 256, 204, 256]), tensor([[1, 1, 1,  ..., 0, 0, 0],
        [1, 1, 1,  ..., 1, 1, 1],
        [1, 1, 1,  ..., 1, 1, 1],
        ...,
        [1, 1, 1,  ..., 1, 1, 1],
        [1, 1, 1,  ..., 0, 0, 0],
        [1, 1, 1,  ..., 1, 1, 1]]))!tensor([0, 0, 0, 0, 0, 0, 0, 0, 0, 0, 0, 0, 0, 0, 0, 0, 0, 0, 0, 1, 0, 0, 1, 0,
        0, 0, 1, 0, 0, 0, 0, 0, 0, 0, 1, 0, 0, 0, 0, 0, 1, 0, 0, 0, 0, 0, 0, 1,
        0, 0, 0, 0, 0, 0, 1, 0, 0, 0, 0, 0, 0, 0, 0, 0])
3-------14
Iter:     31,  Train Loss:  0.26,  Train Acc: 89.06%,  Val Loss:   0.6,  Val Acc: 78.11%,  Time: 14:41:23
4-------14------(tensor([[  101, 23477, 10294,  ...,  3835, 15177,   168],
        [  101, 23477, 10294,  ...,     0,     0,     0],
        [  101, 23477, 10294,  ...,  3442,  2007,  1665],
        ...,
        [  101, 23477, 10294,  ...,     0,     0,     0],
        [  101, 23477, 10294,  ...,  1394, 17105,   168],
        [  101, 23477, 10294,  ...,     0,     0,     0]]), tensor([256, 229, 256, 253, 116,  56, 256, 256, 234, 256,  23, 134,  62,  25,
        150,  22, 256, 256, 256, 189, 120, 124, 256, 256, 256, 142, 178,  82,
        256, 256, 230, 256,  83, 256, 101,  19, 256,  50, 249, 129, 256, 256,
        247, 256,  30, 256,  23, 256, 256, 217,  96, 256, 256, 256, 256, 256,
        256, 256, 223,  56, 256,  62, 256,  27]), tensor([[1, 1, 1,  ..., 1, 1, 1],
        [1, 1, 1,  ..., 0, 0, 0],
        [1, 1, 1,  ..., 1, 1, 1],
        ...,
        [1, 1, 1,  ..., 0, 0, 0],
        [1, 1, 1,  ..., 1, 1, 1],
        [1, 1, 1,  ..., 0, 0, 0]]))!tensor([0, 1, 0, 0, 0, 0, 0, 0, 0, 0, 0, 0, 0, 0, 0, 0, 0, 1, 1, 0, 0, 0, 0, 1,
        1, 0, 0, 0, 0, 0, 0, 0, 0, 0, 0, 0, 0, 0, 1, 0, 0, 0, 0, 0, 0, 0, 0, 1,
        1, 0, 0, 0, 0, 0, 0, 0, 0, 0, 0, 0, 0, 0, 0, 0])
4-------14
Iter:     32,  Train Loss:  0.27,  Train Acc: 87.50%,  Val Loss:  0.59,  Val Acc: 78.11%,  Time: 14:49:50
5-------14------(tensor([[  101, 23477, 10294,  ...,   168,  3076, 11708],
        [  101, 23477, 10294,  ...,   168,  5101,  1191],
        [  101, 23477, 10294,  ...,  2222, 19596,  1880],
        ...,
        [  101, 23477, 10294,  ...,  1200,  2180,  1197],
        [  101, 23477, 10294,  ...,     0,     0,     0],
        [  101, 23477, 10294,  ..., 26554,  2340,  3835]]), tensor([256, 256, 256, 256, 256, 256, 209, 256, 256, 148, 256, 256, 256, 256,
         96, 256, 256,  39, 256, 256, 256, 256, 256, 256, 256,  89, 256, 256,
         91, 256,  23, 116, 256, 256, 256,  33,  28, 256, 256, 256, 256, 256,
        256, 256, 256, 256, 256, 256,  23, 256, 116, 220,  78, 256, 256,  82,
        256,  23, 256, 256, 256, 256,  33, 256]), tensor([[1, 1, 1,  ..., 1, 1, 1],
        [1, 1, 1,  ..., 1, 1, 1],
        [1, 1, 1,  ..., 1, 1, 1],
        ...,
        [1, 1, 1,  ..., 1, 1, 1],
        [1, 1, 1,  ..., 0, 0, 0],
        [1, 1, 1,  ..., 1, 1, 1]]))!tensor([0, 0, 0, 0, 0, 1, 0, 1, 0, 0, 0, 1, 0, 0, 0, 0, 1, 0, 0, 1, 0, 0, 0, 0,
        1, 0, 1, 1, 0, 0, 1, 0, 0, 1, 0, 0, 0, 1, 0, 0, 1, 1, 0, 0, 0, 1, 1, 1,
        0, 1, 0, 0, 0, 1, 0, 0, 1, 0, 0, 1, 1, 0, 0, 1])
5-------14
Iter:     33,  Train Loss:   0.9,  Train Acc: 65.62%,  Val Loss:  0.56,  Val Acc: 77.78%,  Time: 14:58:27
6-------14------(tensor([[  101, 23477, 10294,  ...,     0,     0,     0],
        [  101, 23477, 10294,  ...,  5511, 10237,  1880],
        [  101, 23477, 10294,  ..., 19596,  1880,  1111],
        ...,
        [  101, 23477, 10294,  ..., 11135,  1988,  3442],
        [  101, 23477, 10294,  ..., 15232,  5511, 10237],
        [  101, 23477, 10294,  ..., 11784, 10237,  1880]]), tensor([116, 256, 256,  38, 256, 247, 178,  53, 228, 256, 256, 215, 256, 256,
         26, 110,  89, 102, 195, 210, 256, 145, 256,  78,  30, 256, 233, 256,
        256, 256, 256,  26, 256, 256, 256, 256, 256, 256, 256, 256,  75, 256,
        256,  84, 256, 256, 193, 256, 256, 256, 256, 256, 256, 256, 182, 256,
        256, 165,  85, 103, 235, 256, 256, 256]), tensor([[1, 1, 1,  ..., 0, 0, 0],
        [1, 1, 1,  ..., 1, 1, 1],
        [1, 1, 1,  ..., 1, 1, 1],
        ...,
        [1, 1, 1,  ..., 1, 1, 1],
        [1, 1, 1,  ..., 1, 1, 1],
        [1, 1, 1,  ..., 1, 1, 1]]))!tensor([0, 0, 0, 0, 0, 0, 0, 0, 0, 0, 1, 1, 0, 1, 0, 0, 0, 0, 0, 0, 0, 0, 1, 0,
        0, 0, 0, 1, 1, 0, 0, 0, 1, 0, 0, 1, 0, 0, 1, 0, 0, 0, 1, 0, 0, 1, 0, 0,
        0, 0, 1, 0, 1, 0, 0, 0, 1, 0, 0, 0, 0, 1, 1, 0])
6-------14
Iter:     34,  Train Loss:  0.44,  Train Acc: 76.56%,  Val Loss:  0.52,  Val Acc: 78.79%,  Time: 15:06:19
7-------14------(tensor([[  101, 23477, 10294,  ...,     0,     0,     0],
        [  101, 23477, 10294,  ...,     0,     0,     0],
        [  101, 23477, 10294,  ...,     0,     0,     0],
        ...,
        [  101, 23477, 10294,  ...,  1880,  5511, 10237],
        [  101, 23477, 10294,  ...,  5166, 10237,  1880],
        [  101, 23477, 10294,  ...,  1988,  3442,  2007]]), tensor([122,  15,  77, 256, 256,  97, 256,  62, 256, 256, 256, 256, 256, 256,
        160, 256, 256, 256, 256, 124, 138, 256, 256, 256, 148, 256, 256, 256,
        134,  62,  25, 182, 256, 256, 256,  48, 256, 256, 256, 256, 256, 256,
        256, 256, 254, 220, 161, 195,  85, 256, 256, 256, 256, 223,  13, 256,
        256, 256, 256,  46, 256, 256, 256, 256]), tensor([[1, 1, 1,  ..., 0, 0, 0],
        [1, 1, 1,  ..., 0, 0, 0],
        [1, 1, 1,  ..., 0, 0, 0],
        ...,
        [1, 1, 1,  ..., 1, 1, 1],
        [1, 1, 1,  ..., 1, 1, 1],
        [1, 1, 1,  ..., 1, 1, 1]]))!tensor([0, 0, 0, 0, 1, 0, 0, 0, 0, 0, 0, 0, 1, 1, 1, 0, 0, 0, 0, 1, 0, 0, 1, 0,
        0, 0, 0, 0, 0, 0, 0, 0, 0, 0, 1, 0, 0, 1, 1, 1, 1, 1, 0, 1, 0, 1, 0, 0,
        0, 1, 1, 1, 1, 0, 0, 0, 0, 1, 0, 0, 0, 0, 1, 0])
7-------14
Iter:     35,  Train Loss:  0.62,  Train Acc: 73.44%,  Val Loss:  0.48,  Val Acc: 79.12%,  Time: 15:14:02
8-------14------(tensor([[  101, 23477, 10294,  ...,     0,     0,     0],
        [  101, 23477, 10294,  ..., 16156, 14765,  3835],
        [  101, 23477, 10294,  ...,     0,     0,     0],
        ...,
        [  101, 23477, 10294,  ...,  3442,  1394, 17105],
        [  101, 23477, 10294,  ...,  1191, 19596,  1880],
        [  101, 23477, 10294,  ..., 17105,   168, 14713]]), tensor([172, 256,  39, 256, 256, 256, 256, 256, 256, 256, 256, 253, 256,  10,
        256,  56, 256, 249, 256,  49, 256, 256, 256, 256, 256, 256, 256, 256,
         65, 246, 256, 256,  16, 256, 256, 183, 256, 256, 193, 256,  83, 256,
        234, 256, 106,  13, 256, 256, 256, 256, 249, 145,  23, 256, 256, 152,
        256, 256,  23, 256, 256, 256, 256, 256]), tensor([[1, 1, 1,  ..., 0, 0, 0],
        [1, 1, 1,  ..., 1, 1, 1],
        [1, 1, 1,  ..., 0, 0, 0],
        ...,
        [1, 1, 1,  ..., 1, 1, 1],
        [1, 1, 1,  ..., 1, 1, 1],
        [1, 1, 1,  ..., 1, 1, 1]]))!tensor([0, 0, 0, 0, 1, 0, 0, 0, 0, 0, 0, 0, 1, 0, 1, 0, 0, 0, 1, 0, 1, 0, 0, 1,
        0, 1, 0, 1, 0, 0, 1, 0, 0, 0, 0, 0, 1, 0, 0, 1, 0, 1, 1, 0, 0, 0, 1, 1,
        0, 0, 0, 0, 0, 1, 0, 0, 0, 0, 0, 1, 0, 1, 0, 0])
8-------14
Iter:     36,  Train Loss:  0.47,  Train Acc: 73.44%,  Val Loss:  0.45,  Val Acc: 79.80%,  Time: 15:21:45
9-------14------(tensor([[  101, 23477, 10294,  ..., 17442,  1162,  3963],
        [  101, 23477, 10294,  ...,   168,  4031,  4184],
        [  101, 23477, 10294,  ...,     0,     0,     0],
        ...,
        [  101, 23477, 10294,  ..., 11708, 11135,  1988],
        [  101, 23477, 10294,  ..., 10237,  1880,  3442],
        [  101, 23477, 10294,  ...,  1191, 19596,  1880]]), tensor([256, 256,  26, 252, 256,  64, 256, 256, 256, 256,  67, 256, 256,  45,
        216, 256, 256, 256, 222, 256, 256,  45, 256, 256, 199, 256, 154, 256,
         68, 230, 256,  15, 111, 256, 256,  97, 256, 256, 256, 256, 256, 230,
        256, 256, 256, 256, 256, 256,  82, 256, 256, 256, 256, 256, 256, 256,
        134, 142, 256, 256, 256, 256, 256, 256]), tensor([[1, 1, 1,  ..., 1, 1, 1],
        [1, 1, 1,  ..., 1, 1, 1],
        [1, 1, 1,  ..., 0, 0, 0],
        ...,
        [1, 1, 1,  ..., 1, 1, 1],
        [1, 1, 1,  ..., 1, 1, 1],
        [1, 1, 1,  ..., 1, 1, 1]]))!tensor([0, 0, 0, 0, 0, 1, 1, 0, 0, 0, 0, 0, 0, 0, 0, 1, 1, 0, 0, 0, 0, 0, 1, 0,
        0, 0, 0, 1, 0, 0, 1, 0, 0, 0, 1, 0, 1, 1, 0, 1, 0, 0, 0, 1, 1, 0, 0, 1,
        0, 1, 0, 1, 1, 0, 0, 0, 1, 0, 1, 0, 0, 1, 0, 0])
9-------14
Iter:     37,  Train Loss:  0.57,  Train Acc: 73.44%,  Val Loss:  0.44,  Val Acc: 78.79%,  Time: 15:29:28
10-------14------(tensor([[  101, 23477, 10294,  ..., 11708, 11135,  1988],
        [  101, 23477, 10294,  ...,  2861, 10607,  4195],
        [  101, 23477, 10294,  ...,   168,  2663,  2568],
        ...,
        [  101, 23477, 10294,  ...,     0,     0,     0],
        [  101, 23477, 10294,  ...,  1880,  3835, 15177],
        [  101, 23477, 10294,  ...,  1705,  3442,  1394]]), tensor([256, 256, 256, 256, 256, 256,  97, 256, 256,  68, 256,  29, 256,  10,
        202, 256, 256,  56,  52, 256,  89, 256, 256, 256,  27,  86, 256, 256,
        256,  83, 256, 256,  23, 136, 103, 256, 225, 216,  30, 256, 256, 179,
        256, 256,  66, 133, 256, 159, 256,  74, 256, 256,  57, 256, 256, 244,
        256, 256, 102, 256, 148, 157, 256, 256]), tensor([[1, 1, 1,  ..., 1, 1, 1],
        [1, 1, 1,  ..., 1, 1, 1],
        [1, 1, 1,  ..., 1, 1, 1],
        ...,
        [1, 1, 1,  ..., 0, 0, 0],
        [1, 1, 1,  ..., 1, 1, 1],
        [1, 1, 1,  ..., 1, 1, 1]]))!tensor([0, 0, 0, 0, 1, 0, 0, 0, 0, 0, 1, 0, 0, 0, 0, 0, 1, 0, 0, 1, 0, 0, 0, 0,
        0, 0, 0, 0, 0, 0, 0, 0, 0, 0, 0, 0, 0, 0, 0, 0, 0, 0, 0, 0, 0, 0, 0, 0,
        0, 0, 1, 0, 0, 0, 0, 0, 0, 0, 0, 1, 0, 0, 0, 1])
10-------14
Iter:     38,  Train Loss:  0.25,  Train Acc: 92.19%,  Val Loss:  0.44,  Val Acc: 77.78%,  Time: 15:37:13 *
11-------14------(tensor([[  101, 23477, 10294,  ...,     0,     0,     0],
        [  101, 23477, 10294,  ...,  3835, 15177,   168],
        [  101, 23477, 10294,  ..., 10237,  1880,  3442],
        ...,
        [  101, 23477, 10294,  ...,     0,     0,     0],
        [  101, 23477, 10294,  ..., 15177,   168,  3076],
        [  101, 23477, 10294,  ...,  3442,  2007,  1665]]), tensor([ 30, 256, 256, 256,  24, 256, 256, 256, 256, 256,  83, 256, 251, 256,
        115, 256, 256, 256,  19, 256, 256, 256, 256, 256, 256, 256, 256, 256,
         25, 256, 138, 222, 256,  91, 182,  76, 256, 144, 124, 256, 256, 256,
        256,  28,  27, 256, 256, 256, 160, 256, 256, 256, 217, 256, 256,  23,
        256, 121, 256, 146, 256,  54, 256, 256]), tensor([[1, 1, 1,  ..., 0, 0, 0],
        [1, 1, 1,  ..., 1, 1, 1],
        [1, 1, 1,  ..., 1, 1, 1],
        ...,
        [1, 1, 1,  ..., 0, 0, 0],
        [1, 1, 1,  ..., 1, 1, 1],
        [1, 1, 1,  ..., 1, 1, 1]]))!tensor([0, 1, 0, 1, 0, 1, 1, 1, 0, 0, 0, 1, 1, 0, 0, 0, 0, 0, 0, 1, 0, 1, 0, 0,
        0, 0, 1, 1, 0, 0, 0, 1, 0, 0, 0, 0, 1, 0, 0, 0, 0, 0, 0, 0, 0, 0, 0, 1,
        0, 0, 1, 0, 0, 0, 0, 0, 1, 0, 0, 0, 0, 0, 0, 0])
11-------14
Iter:     39,  Train Loss:  0.38,  Train Acc: 81.25%,  Val Loss:  0.44,  Val Acc: 78.11%,  Time: 15:44:59
12-------14------(tensor([[  101, 23477, 10294,  ..., 10294,  5815,  1891],
        [  101, 23477, 10294,  ...,   168,  7758,  9332],
        [  101, 23477, 10294,  ...,  1988,  3442,  1394],
        ...,
        [  101, 23477, 10294,  ...,  1880,  3442,  1394],
        [  101, 23477, 10294,  ...,     0,     0,     0],
        [  101, 23477, 10294,  ...,     0,     0,     0]]), tensor([256, 256, 256, 256, 256, 256, 256, 256, 256, 256, 256, 256, 256, 256,
        256, 256, 256, 256, 256, 256, 256, 256, 121, 256,  39, 256, 256, 256,
         64,  15, 138,  39,  36,  62, 256,  88, 101, 254, 126, 256,  90,  53,
        256,  47, 256,  63, 256,  30, 256, 181,  41, 256, 256, 130,  42, 256,
        256, 256, 256, 256,  31, 256, 235,  58]), tensor([[1, 1, 1,  ..., 1, 1, 1],
        [1, 1, 1,  ..., 1, 1, 1],
        [1, 1, 1,  ..., 1, 1, 1],
        ...,
        [1, 1, 1,  ..., 1, 1, 1],
        [1, 1, 1,  ..., 0, 0, 0],
        [1, 1, 1,  ..., 0, 0, 0]]))!tensor([1, 1, 0, 1, 0, 1, 0, 1, 0, 0, 0, 0, 0, 0, 0, 0, 0, 1, 0, 1, 0, 1, 0, 1,
        0, 1, 0, 1, 0, 0, 0, 0, 0, 0, 0, 0, 0, 0, 0, 0, 0, 0, 0, 0, 0, 0, 1, 0,
        0, 0, 0, 0, 0, 0, 0, 0, 0, 0, 1, 0, 0, 1, 0, 0])
12-------14
Iter:     40,  Train Loss:  0.29,  Train Acc: 85.94%,  Val Loss:  0.44,  Val Acc: 77.78%,  Time: 15:52:42
13-------14------(tensor([[  101, 23477, 10294,  ..., 17105,   168,  1243],
        [  101, 23477, 10294,  ...,  2007,  1665,  5815],
        [  101, 23477, 10294,  ...,     0,     0,     0],
        ...,
        [  101, 23477, 10294,  ..., 16124,  3835, 15177],
        [  101, 23477, 10294,  ...,     0,     0,     0],
        [  101, 23477, 10294,  ...,  3835, 15177,   168]]), tensor([256, 256,  30,  37, 256, 209, 256, 256, 103, 256,  36, 256, 256, 256,
        256, 256,  47, 256, 256, 100,  59, 256, 148, 256, 256, 256, 256, 256,
        256, 256,  56, 256, 256, 256, 256, 213,  60,  54, 256, 145, 256, 256,
        256, 256, 230, 256, 256, 164, 256,  97,  75, 256, 256, 256, 256, 256,
        165, 256, 256, 256, 106, 256]), tensor([[1, 1, 1,  ..., 1, 1, 1],
        [1, 1, 1,  ..., 1, 1, 1],
        [1, 1, 1,  ..., 0, 0, 0],
        ...,
        [1, 1, 1,  ..., 1, 1, 1],
        [1, 1, 1,  ..., 0, 0, 0],
        [1, 1, 1,  ..., 1, 1, 1]]))!tensor([1, 0, 0, 0, 0, 0, 0, 1, 0, 0, 0, 1, 1, 0, 0, 0, 0, 0, 1, 0, 0, 1, 0, 0,
        0, 0, 0, 0, 0, 0, 0, 1, 0, 0, 0, 0, 0, 0, 1, 0, 1, 0, 1, 0, 0, 0, 1, 0,
        0, 0, 0, 0, 1, 0, 0, 0, 1, 1, 0, 0, 1, 0])
13-------14
Iter:     41,  Train Loss:   0.4,  Train Acc: 80.65%,  Val Loss:  0.44,  Val Acc: 79.12%,  Time: 16:00:28
Test Loss:  0.46,  Test Acc: 78.93%
Precision, Recall and F1-Score...
              precision    recall  f1-score   support

       clean     0.7948    0.9638    0.8712       221
       buggy     0.7419    0.2949    0.4220        78

    accuracy                         0.7893       299
   macro avg     0.7684    0.6293    0.6466       299
weighted avg     0.7810    0.7893    0.7540       299

Confusion Matrix...
[[213   8]
 [ 55  23]]
Time usage: 0:06:24
(untitled) test@tesutonoMacBook-Pro Bert-SDP %
