(untitled) test@tesutonoMacBook-Pro Bert-SDP %  python run.py --model bert_CNN_BiLSTM
Loading data...
894it [00:08, 109.39it/s]
297it [00:03, 98.12it/s]
299it [00:02, 101.71it/s]
Time usage: 0:00:14
Epoch [1/3]
0-------14
hhhhh
(tensor([[  101, 23477, 10294,  ...,  8702,  2897,  2105],
        [  101, 23477, 10294,  ..., 11192,  5521, 11813],
        [  101, 23477, 10294,  ...,  3835, 15177,   168],
        ...,
        [  101, 23477, 10294,  ...,  1988,  3442,  1394],
        [  101, 23477, 10294,  ...,     0,     0,     0],
        [  101, 23477, 10294,  ...,  5815,  1891,   168]]), tensor([256, 256, 256, 256,  23, 256,  78, 256, 256,  82, 256,  23, 256, 256,
        256, 256, 256,  31, 256, 186, 133, 256, 256, 228, 256, 256,  58,  47,
        256, 256,  24, 256, 256, 256, 256,  30, 256, 256, 256, 256, 256, 256,
        256, 210, 256, 256, 256,  98,  53,  84, 256, 256, 193, 140, 256, 256,
        256, 256, 256, 182, 256, 256, 165, 256]), tensor([[1, 1, 1,  ..., 1, 1, 1],
        [1, 1, 1,  ..., 1, 1, 1],
        [1, 1, 1,  ..., 1, 1, 1],
        ...,
        [1, 1, 1,  ..., 1, 1, 1],
        [1, 1, 1,  ..., 0, 0, 0],
        [1, 1, 1,  ..., 1, 1, 1]]))
Traceback (most recent call last):
  File "run.py", line 38, in <module>
    train(config, model, train_iter, dev_iter, test_iter)
  File "/Users/test/Documents/GitHub/Bert-SDP/train_eval.py", line 66, in train
    print("hhhhh-0"+trains[0].shape)
TypeError: must be str, not torch.Size
(untitled) test@tesutonoMacBook-Pro Bert-SDP %  python run.py --model bert_CNN_BiLSTM
Loading data...
894it [00:07, 113.31it/s]
297it [00:02, 114.82it/s]
299it [00:02, 102.37it/s]
Time usage: 0:00:13
Epoch [1/3]
0-------14
hhhhh
(tensor([[  101, 23477, 10294,  ...,  8702,  2897,  2105],
        [  101, 23477, 10294,  ..., 11192,  5521, 11813],
        [  101, 23477, 10294,  ...,  3835, 15177,   168],
        ...,
        [  101, 23477, 10294,  ...,  1988,  3442,  1394],
        [  101, 23477, 10294,  ...,     0,     0,     0],
        [  101, 23477, 10294,  ...,  5815,  1891,   168]]), tensor([256, 256, 256, 256,  23, 256,  78, 256, 256,  82, 256,  23, 256, 256,
        256, 256, 256,  31, 256, 186, 133, 256, 256, 228, 256, 256,  58,  47,
        256, 256,  24, 256, 256, 256, 256,  30, 256, 256, 256, 256, 256, 256,
        256, 210, 256, 256, 256,  98,  53,  84, 256, 256, 193, 140, 256, 256,
        256, 256, 256, 182, 256, 256, 165, 256]), tensor([[1, 1, 1,  ..., 1, 1, 1],
        [1, 1, 1,  ..., 1, 1, 1],
        [1, 1, 1,  ..., 1, 1, 1],
        ...,
        [1, 1, 1,  ..., 1, 1, 1],
        [1, 1, 1,  ..., 0, 0, 0],
        [1, 1, 1,  ..., 1, 1, 1]]))
hhhhh-0torch.Size([64, 256])
tensor([[  101, 23477, 10294,  ...,  8702,  2897,  2105],
        [  101, 23477, 10294,  ..., 11192,  5521, 11813],
        [  101, 23477, 10294,  ...,  3835, 15177,   168],
        ...,
        [  101, 23477, 10294,  ...,  1988,  3442,  1394],
        [  101, 23477, 10294,  ...,     0,     0,     0],
        [  101, 23477, 10294,  ...,  5815,  1891,   168]])
Traceback (most recent call last):
  File "run.py", line 38, in <module>
    train(config, model, train_iter, dev_iter, test_iter)
  File "/Users/test/Documents/GitHub/Bert-SDP/train_eval.py", line 68, in train
    print("hhhhh-1"+trains[1].shape)
TypeError: must be str, not torch.Size
(untitled) test@tesutonoMacBook-Pro Bert-SDP %  python run.py --model bert_CNN_BiLSTM
Loading data...
894it [00:08, 111.04it/s]
297it [00:02, 116.78it/s]
299it [00:03, 95.74it/s]
Time usage: 0:00:14
Epoch [1/3]
0-------14
hhhhh
(tensor([[  101, 23477, 10294,  ...,  8702,  2897,  2105],
        [  101, 23477, 10294,  ..., 11192,  5521, 11813],
        [  101, 23477, 10294,  ...,  3835, 15177,   168],
        ...,
        [  101, 23477, 10294,  ...,  1988,  3442,  1394],
        [  101, 23477, 10294,  ...,     0,     0,     0],
        [  101, 23477, 10294,  ...,  5815,  1891,   168]]), tensor([256, 256, 256, 256,  23, 256,  78, 256, 256,  82, 256,  23, 256, 256,
        256, 256, 256,  31, 256, 186, 133, 256, 256, 228, 256, 256,  58,  47,
        256, 256,  24, 256, 256, 256, 256,  30, 256, 256, 256, 256, 256, 256,
        256, 210, 256, 256, 256,  98,  53,  84, 256, 256, 193, 140, 256, 256,
        256, 256, 256, 182, 256, 256, 165, 256]), tensor([[1, 1, 1,  ..., 1, 1, 1],
        [1, 1, 1,  ..., 1, 1, 1],
        [1, 1, 1,  ..., 1, 1, 1],
        ...,
        [1, 1, 1,  ..., 1, 1, 1],
        [1, 1, 1,  ..., 0, 0, 0],
        [1, 1, 1,  ..., 1, 1, 1]]))
hhhhh-0torch.Size([64, 256])
tensor([[  101, 23477, 10294,  ...,  8702,  2897,  2105],
        [  101, 23477, 10294,  ..., 11192,  5521, 11813],
        [  101, 23477, 10294,  ...,  3835, 15177,   168],
        ...,
        [  101, 23477, 10294,  ...,  1988,  3442,  1394],
        [  101, 23477, 10294,  ...,     0,     0,     0],
        [  101, 23477, 10294,  ...,  5815,  1891,   168]])
hhhhh-1torch.Size([64])
tensor([256, 256, 256, 256,  23, 256,  78, 256, 256,  82, 256,  23, 256, 256,
        256, 256, 256,  31, 256, 186, 133, 256, 256, 228, 256, 256,  58,  47,
        256, 256,  24, 256, 256, 256, 256,  30, 256, 256, 256, 256, 256, 256,
        256, 210, 256, 256, 256,  98,  53,  84, 256, 256, 193, 140, 256, 256,
        256, 256, 256, 182, 256, 256, 165, 256])
hhhhh-2torch.Size([64, 256])
tensor([[1, 1, 1,  ..., 1, 1, 1],
        [1, 1, 1,  ..., 1, 1, 1],
        [1, 1, 1,  ..., 1, 1, 1],
        ...,
        [1, 1, 1,  ..., 1, 1, 1],
        [1, 1, 1,  ..., 0, 0, 0],
        [1, 1, 1,  ..., 1, 1, 1]])
hhhhh-labelstorch.Size([64])
tensor([1, 0, 0, 0, 0, 0, 0, 0, 0, 0, 0, 0, 0, 0, 0, 0, 0, 0, 0, 0, 0, 0, 0, 1,
        0, 1, 0, 0, 0, 0, 0, 0, 0, 0, 0, 0, 0, 0, 0, 0, 0, 0, 0, 0, 0, 0, 0, 0,
        0, 0, 0, 0, 0, 0, 0, 0, 1, 1, 0, 0, 0, 1, 0, 0])
/Users/test/Documents/GitHub/Bert-SDP/pytorch_pretrained/optimization.py:275: UserWarning: This overload of add_ is deprecated:
        add_(Number alpha, Tensor other)
Consider using one of the following signatures instead:
        add_(Tensor other, *, Number alpha) (Triggered internally at  ../torch/csrc/utils/python_arg_parser.cpp:1050.)
  next_m.mul_(beta1).add_(1 - beta1, grad)

