"C:\Users\Takada Lab\Documents\GitHub\Bert-SDP\venv\Scripts\python.exe" "C:\Users\Takada Lab\Documents\GitHub\Bert-SDP\run.py"
bert_SDP
Loading data...
677it [00:03, 175.52it/s]
271it [00:01, 170.45it/s]
413it [00:02, 153.52it/s]
Time usage: 0:00:08
Epoch [1/1]
0-------6
hhhhh
(tensor([[ 101, 7305, 8916,  ...,    0,    0,    0],
        [ 101, 7305, 8916,  ...,    0,    0,    0],
        [ 101, 7305, 8916,  ..., 1207, 9479,  113],
        ...,
        [ 101, 7305, 8916,  ...,    0,    0,    0],
        [ 101, 7305, 8916,  ..., 2897,  164,  178],
        [ 101, 7305, 8916,  ...,    0,    0,    0]]), tensor([410, 244, 512, 512, 512, 512, 124, 151, 512, 512, 512, 512, 473, 144,
        512, 170, 512, 512, 512, 512,  72, 512, 512, 199, 216, 512, 512, 512,
        480, 464, 315,  64,  95, 512, 512,  46, 323, 512, 512, 512, 512, 512,
        512, 333, 512, 512, 148, 512, 512, 512, 512, 512, 512,  92, 212, 269,
        512, 512, 512, 512,  26,  25, 416, 512, 512, 512, 512, 204, 512, 248,
         98, 414, 512, 512, 130, 512, 511, 103, 141, 512, 512,  34, 512, 512,
        512, 367, 111, 217, 512, 512, 512, 219, 287,  71, 512, 512, 264, 512,
         88, 512,  95,  24, 421,  67, 363, 175, 512, 512, 401, 512,  44, 512,
         51, 512, 512, 301, 149, 362, 482, 512, 512, 451, 363, 512, 264, 100,
        512,  93]), tensor([[1, 1, 1,  ..., 0, 0, 0],
        [1, 1, 1,  ..., 0, 0, 0],
        [1, 1, 1,  ..., 1, 1, 1],
        ...,
        [1, 1, 1,  ..., 0, 0, 0],
        [1, 1, 1,  ..., 1, 1, 1],
        [1, 1, 1,  ..., 0, 0, 0]]))
hhhhh-0:torch.Size([128, 512])
tensor([[ 101, 7305, 8916,  ...,    0,    0,    0],
        [ 101, 7305, 8916,  ...,    0,    0,    0],
        [ 101, 7305, 8916,  ..., 1207, 9479,  113],
        ...,
        [ 101, 7305, 8916,  ...,    0,    0,    0],
        [ 101, 7305, 8916,  ..., 2897,  164,  178],
        [ 101, 7305, 8916,  ...,    0,    0,    0]])
hhhhh-1:torch.Size([128])
tensor([410, 244, 512, 512, 512, 512, 124, 151, 512, 512, 512, 512, 473, 144,
        512, 170, 512, 512, 512, 512,  72, 512, 512, 199, 216, 512, 512, 512,
        480, 464, 315,  64,  95, 512, 512,  46, 323, 512, 512, 512, 512, 512,
        512, 333, 512, 512, 148, 512, 512, 512, 512, 512, 512,  92, 212, 269,
        512, 512, 512, 512,  26,  25, 416, 512, 512, 512, 512, 204, 512, 248,
         98, 414, 512, 512, 130, 512, 511, 103, 141, 512, 512,  34, 512, 512,
        512, 367, 111, 217, 512, 512, 512, 219, 287,  71, 512, 512, 264, 512,
         88, 512,  95,  24, 421,  67, 363, 175, 512, 512, 401, 512,  44, 512,
         51, 512, 512, 301, 149, 362, 482, 512, 512, 451, 363, 512, 264, 100,
        512,  93])
hhhhh-2:torch.Size([128, 512])
tensor([[1, 1, 1,  ..., 0, 0, 0],
        [1, 1, 1,  ..., 0, 0, 0],
        [1, 1, 1,  ..., 1, 1, 1],
        ...,
        [1, 1, 1,  ..., 0, 0, 0],
        [1, 1, 1,  ..., 1, 1, 1],
        [1, 1, 1,  ..., 0, 0, 0]])
hhhhh-labels:torch.Size([128])
tensor([0, 0, 0, 1, 0, 0, 0, 0, 0, 1, 0, 1, 0, 0, 1, 0, 0, 0, 1, 0, 0, 0, 0, 0,
        0, 1, 0, 0, 0, 0, 0, 0, 0, 0, 1, 0, 0, 0, 1, 0, 1, 1, 0, 0, 1, 1, 0, 0,
        0, 0, 0, 1, 1, 0, 0, 0, 1, 1, 0, 1, 0, 0, 0, 0, 0, 1, 0, 0, 0, 0, 0, 0,
        0, 0, 0, 1, 0, 0, 0, 0, 1, 0, 0, 1, 1, 0, 0, 0, 0, 1, 1, 0, 0, 0, 0, 0,
        0, 0, 0, 0, 0, 0, 0, 0, 1, 0, 0, 0, 0, 0, 0, 0, 0, 1, 1, 0, 0, 0, 0, 0,
        0, 0, 0, 0, 0, 0, 0, 0])
C:\Users\Takada Lab\Documents\GitHub\Bert-SDP\pytorch_pretrained\optimization.py:275: UserWarning: This overload of add_ is deprecated:
	add_(Number alpha, Tensor other)
Consider using one of the following signatures instead:
	add_(Tensor other, *, Number alpha) (Triggered internally at C:\actions-runner\_work\pytorch\pytorch\builder\windows\pytorch\torch\csrc\utils\python_arg_parser.cpp:1420.)
  next_m.mul_(beta1).add_(1 - beta1, grad)
验证集：
[1 0 0 0 0 0 0 0 0 0 0 0 0 0 0 0 0 0 0 0 0 0 0 1 0 1 0 0 0 0 0 0 0 0 0 0 0
 0 0 0 0 0 0 0 0 0 0 0 0 0 0 0 0 0 0 0 1 1 0 0 0 1 0 0 0 0 0 0 0 0 0 0 1 0
 0 0 0 0 0 0 1 0 0 0 0 0 0 1 0 0 0 0 0 0 0 0 0 0 0 1 0 0 0 0 0 0 0 0 1 0 0
 0 0 0 0 0 0 0 0 0 0 0 0 0 0 0 1 0 0 0 1 0 0 0 0 1 0 1 0 0 0 0 0 0 1 0 0 0
 0 0 0 0 1 0 0 0 0 0 0 0 0 0 0 0 0 0 0 0 0 0 1 0 0 0 0 0 0 1 0 0 0 0 1 0 0
 0 0 0 0 0 0 0 0 0 0 0 0 0 0 0 0 0 0 0 0 0 0 0 0 0 0 1 0 0 1 0 0 0 1 0 0 0
 0 0 0 0 1 0 0 0 0 0 1 0 0 0 0 0 0 1 0 0 0 0 0 0 1 0 0 0 0 0 0 0 0 0 0 1 0
 0 0 0 0 0 0 0 0 0 0 0 0]
[1 0 1 0 1 1 1 0 0 1 0 0 1 0 1 0 0 0 1 1 1 1 0 0 0 0 0 0 0 0 1 0 0 0 0 1 1
 0 0 0 0 0 1 0 1 0 0 1 0 1 0 1 1 0 1 1 1 0 0 1 0 0 1 1 0 1 1 0 1 1 1 1 1 1
 1 1 1 1 0 0 0 1 0 1 1 0 0 1 1 0 0 1 0 1 0 0 1 0 0 1 0 1 1 1 0 1 0 0 0 0 0
 1 0 0 0 0 0 1 0 0 0 0 0 0 0 1 1 1 0 1 0 1 0 1 0 0 1 0 1 1 0 1 0 0 0 0 0 0
 0 1 1 0 0 0 1 0 1 0 0 0 0 0 1 1 1 0 0 0 1 0 0 0 1 1 0 1 0 1 1 0 1 0 1 1 0
 1 0 1 1 1 1 0 0 0 0 0 1 0 0 1 0 1 1 1 1 0 1 0 0 1 1 1 1 1 1 1 0 1 0 0 0 0
 1 0 0 0 0 1 0 0 0 0 0 0 1 1 0 0 1 1 1 1 0 0 1 0 0 1 1 1 0 1 0 1 0 1 0 0 0
 1 1 0 0 0 1 1 0 0 1 0 1]
Iter:      0,  Train Loss:  0.68,  Train Acc: 55.47%,  Val Loss:  0.68,  Val Acc: 53.14%,  Time: 0:05:55 *
1-------6
验证集：
[1 0 0 0 0 0 0 0 0 0 0 0 0 0 0 0 0 0 0 0 0 0 0 1 0 1 0 0 0 0 0 0 0 0 0 0 0
 0 0 0 0 0 0 0 0 0 0 0 0 0 0 0 0 0 0 0 1 1 0 0 0 1 0 0 0 0 0 0 0 0 0 0 1 0
 0 0 0 0 0 0 1 0 0 0 0 0 0 1 0 0 0 0 0 0 0 0 0 0 0 1 0 0 0 0 0 0 0 0 1 0 0
 0 0 0 0 0 0 0 0 0 0 0 0 0 0 0 1 0 0 0 1 0 0 0 0 1 0 1 0 0 0 0 0 0 1 0 0 0
 0 0 0 0 1 0 0 0 0 0 0 0 0 0 0 0 0 0 0 0 0 0 1 0 0 0 0 0 0 1 0 0 0 0 1 0 0
 0 0 0 0 0 0 0 0 0 0 0 0 0 0 0 0 0 0 0 0 0 0 0 0 0 0 1 0 0 1 0 0 0 1 0 0 0
 0 0 0 0 1 0 0 0 0 0 1 0 0 0 0 0 0 1 0 0 0 0 0 0 1 0 0 0 0 0 0 0 0 0 0 1 0
 0 0 0 0 0 0 0 0 0 0 0 0]
[1 0 1 0 1 1 1 0 0 1 0 0 1 0 0 0 0 0 1 1 0 1 0 0 0 0 0 0 0 0 1 0 0 0 0 1 0
 0 0 0 0 0 1 0 1 0 0 1 0 1 0 1 1 0 1 1 1 0 0 1 0 0 1 1 0 1 0 0 1 1 1 1 1 0
 1 0 0 1 0 0 0 1 0 1 0 0 0 1 1 0 0 1 0 0 0 0 1 0 0 1 0 1 1 1 0 1 0 0 0 0 0
 1 0 0 0 0 0 0 0 0 0 0 0 0 0 1 1 0 0 1 0 1 0 1 0 0 1 0 1 1 0 1 0 0 0 0 0 0
 0 1 0 0 0 0 1 0 1 0 0 0 0 0 0 1 1 0 0 0 1 0 0 0 0 0 0 1 0 1 1 0 0 0 1 0 0
 1 0 0 1 0 1 0 0 0 0 0 0 0 0 0 0 1 1 1 1 0 0 0 0 1 1 1 1 1 1 1 0 1 0 0 0 0
 1 0 0 0 0 1 0 0 0 0 0 0 1 1 0 0 1 1 1 1 0 0 0 0 0 1 1 1 0 0 0 1 0 1 0 0 0
 1 1 0 0 0 1 1 0 0 0 0 1]
Iter:      1,  Train Loss:   0.7,  Train Acc: 50.00%,  Val Loss:  0.66,  Val Acc: 62.36%,  Time: 0:11:40 *
2-------6
验证集：
[1 0 0 0 0 0 0 0 0 0 0 0 0 0 0 0 0 0 0 0 0 0 0 1 0 1 0 0 0 0 0 0 0 0 0 0 0
 0 0 0 0 0 0 0 0 0 0 0 0 0 0 0 0 0 0 0 1 1 0 0 0 1 0 0 0 0 0 0 0 0 0 0 1 0
 0 0 0 0 0 0 1 0 0 0 0 0 0 1 0 0 0 0 0 0 0 0 0 0 0 1 0 0 0 0 0 0 0 0 1 0 0
 0 0 0 0 0 0 0 0 0 0 0 0 0 0 0 1 0 0 0 1 0 0 0 0 1 0 1 0 0 0 0 0 0 1 0 0 0
 0 0 0 0 1 0 0 0 0 0 0 0 0 0 0 0 0 0 0 0 0 0 1 0 0 0 0 0 0 1 0 0 0 0 1 0 0
 0 0 0 0 0 0 0 0 0 0 0 0 0 0 0 0 0 0 0 0 0 0 0 0 0 0 1 0 0 1 0 0 0 1 0 0 0
 0 0 0 0 1 0 0 0 0 0 1 0 0 0 0 0 0 1 0 0 0 0 0 0 1 0 0 0 0 0 0 0 0 0 0 1 0
 0 0 0 0 0 0 0 0 0 0 0 0]
[1 0 1 0 1 1 1 0 0 1 0 0 1 0 0 0 0 0 1 1 0 1 0 0 0 0 0 0 0 0 1 0 0 0 0 1 0
 0 0 0 0 0 1 0 1 0 0 1 0 1 0 1 1 0 1 1 0 0 0 0 0 0 0 1 0 1 0 0 1 1 0 1 1 0
 0 0 0 1 0 0 0 1 0 1 0 0 0 1 1 0 0 1 0 0 0 0 0 0 0 1 0 1 1 1 0 1 0 0 0 0 0
 1 0 0 0 0 0 0 0 0 0 0 0 0 0 1 1 0 0 0 0 1 0 1 0 0 1 0 0 1 0 1 0 0 0 0 0 0
 0 1 0 0 0 0 0 0 1 0 0 0 0 0 0 1 1 0 0 0 0 0 0 0 0 0 0 1 0 1 1 0 0 0 0 0 0
 1 0 0 1 0 0 0 0 0 0 0 0 0 0 0 0 1 1 0 0 0 0 0 0 0 1 1 1 1 1 1 0 1 0 0 0 0
 1 0 0 0 0 0 0 0 0 0 0 0 1 0 0 0 1 1 1 0 0 0 0 0 0 1 1 1 0 0 0 0 0 1 0 0 0
 0 0 0 0 0 1 0 0 0 0 0 1]
Iter:      2,  Train Loss:  0.67,  Train Acc: 57.03%,  Val Loss:  0.64,  Val Acc: 69.00%,  Time: 0:17:29 *
3-------6
验证集：
[1 0 0 0 0 0 0 0 0 0 0 0 0 0 0 0 0 0 0 0 0 0 0 1 0 1 0 0 0 0 0 0 0 0 0 0 0
 0 0 0 0 0 0 0 0 0 0 0 0 0 0 0 0 0 0 0 1 1 0 0 0 1 0 0 0 0 0 0 0 0 0 0 1 0
 0 0 0 0 0 0 1 0 0 0 0 0 0 1 0 0 0 0 0 0 0 0 0 0 0 1 0 0 0 0 0 0 0 0 1 0 0
 0 0 0 0 0 0 0 0 0 0 0 0 0 0 0 1 0 0 0 1 0 0 0 0 1 0 1 0 0 0 0 0 0 1 0 0 0
 0 0 0 0 1 0 0 0 0 0 0 0 0 0 0 0 0 0 0 0 0 0 1 0 0 0 0 0 0 1 0 0 0 0 1 0 0
 0 0 0 0 0 0 0 0 0 0 0 0 0 0 0 0 0 0 0 0 0 0 0 0 0 0 1 0 0 1 0 0 0 1 0 0 0
 0 0 0 0 1 0 0 0 0 0 1 0 0 0 0 0 0 1 0 0 0 0 0 0 1 0 0 0 0 0 0 0 0 0 0 1 0
 0 0 0 0 0 0 0 0 0 0 0 0]
[0 0 1 0 1 1 1 0 0 1 0 0 1 0 0 0 0 0 0 1 0 1 0 0 0 0 0 0 0 0 1 0 0 0 0 1 0
 0 0 0 0 0 1 0 1 0 0 1 0 1 0 1 1 0 1 1 0 0 0 0 0 0 0 1 0 0 0 0 1 1 0 1 0 0
 0 0 0 0 0 0 0 1 0 1 0 0 0 0 1 0 0 1 0 0 0 0 0 0 0 0 0 1 1 1 0 1 0 0 0 0 0
 1 0 0 0 0 0 0 0 0 0 0 0 0 0 1 1 0 0 0 0 1 0 1 0 0 0 0 0 1 0 1 0 0 0 0 0 0
 0 1 0 0 0 0 0 0 1 0 0 0 0 0 0 1 1 0 0 0 0 0 0 0 0 0 0 1 0 1 1 0 0 0 0 0 0
 1 0 0 1 0 0 0 0 0 0 0 0 0 0 0 0 0 1 0 0 0 0 0 0 0 1 1 1 1 0 1 0 1 0 0 0 0
 1 0 0 0 0 0 0 0 0 0 0 0 1 0 0 0 1 1 1 0 0 0 0 0 0 0 1 1 0 0 0 0 0 1 0 0 0
 0 0 0 0 0 0 0 0 0 0 0 1]
Iter:      3,  Train Loss:  0.63,  Train Acc: 71.88%,  Val Loss:  0.63,  Val Acc: 69.74%,  Time: 0:23:21 *
4-------6
验证集：
[1 0 0 0 0 0 0 0 0 0 0 0 0 0 0 0 0 0 0 0 0 0 0 1 0 1 0 0 0 0 0 0 0 0 0 0 0
 0 0 0 0 0 0 0 0 0 0 0 0 0 0 0 0 0 0 0 1 1 0 0 0 1 0 0 0 0 0 0 0 0 0 0 1 0
 0 0 0 0 0 0 1 0 0 0 0 0 0 1 0 0 0 0 0 0 0 0 0 0 0 1 0 0 0 0 0 0 0 0 1 0 0
 0 0 0 0 0 0 0 0 0 0 0 0 0 0 0 1 0 0 0 1 0 0 0 0 1 0 1 0 0 0 0 0 0 1 0 0 0
 0 0 0 0 1 0 0 0 0 0 0 0 0 0 0 0 0 0 0 0 0 0 1 0 0 0 0 0 0 1 0 0 0 0 1 0 0
 0 0 0 0 0 0 0 0 0 0 0 0 0 0 0 0 0 0 0 0 0 0 0 0 0 0 1 0 0 1 0 0 0 1 0 0 0
 0 0 0 0 1 0 0 0 0 0 1 0 0 0 0 0 0 1 0 0 0 0 0 0 1 0 0 0 0 0 0 0 0 0 0 1 0
 0 0 0 0 0 0 0 0 0 0 0 0]
[0 0 1 0 1 1 1 0 0 0 0 0 1 0 0 0 0 0 0 1 0 1 0 0 0 0 0 0 0 0 1 0 0 0 0 1 0
 0 0 0 0 0 1 0 1 0 0 1 0 1 0 1 0 0 0 1 0 0 0 0 0 0 0 1 0 0 0 0 1 1 0 1 0 0
 0 0 0 0 0 0 0 1 0 1 0 0 0 0 1 0 0 1 0 0 0 0 0 0 0 0 0 1 1 1 0 1 0 0 0 0 0
 1 0 0 0 0 0 0 0 0 0 0 0 0 0 1 0 0 0 0 0 1 0 1 0 0 0 0 0 1 0 1 0 0 0 0 0 0
 0 1 0 0 0 0 0 0 1 0 0 0 0 0 0 1 1 0 0 0 0 0 0 0 0 0 0 1 0 0 1 0 0 0 0 0 0
 1 0 0 0 0 0 0 0 0 0 0 0 0 0 0 0 0 1 0 0 0 0 0 0 0 1 1 1 1 0 1 0 1 0 0 0 0
 0 0 0 0 0 0 0 0 0 0 0 0 1 0 0 0 1 1 1 0 0 0 0 0 0 0 1 1 0 0 0 0 0 1 0 0 0
 0 0 0 0 0 0 0 0 0 0 0 1]
Iter:      4,  Train Loss:   0.6,  Train Acc: 79.69%,  Val Loss:  0.61,  Val Acc: 70.85%,  Time: 0:29:08 *
5-------6
验证集：
[1 0 0 0 0 0 0 0 0 0 0 0 0 0 0 0 0 0 0 0 0 0 0 1 0 1 0 0 0 0 0 0 0 0 0 0 0
 0 0 0 0 0 0 0 0 0 0 0 0 0 0 0 0 0 0 0 1 1 0 0 0 1 0 0 0 0 0 0 0 0 0 0 1 0
 0 0 0 0 0 0 1 0 0 0 0 0 0 1 0 0 0 0 0 0 0 0 0 0 0 1 0 0 0 0 0 0 0 0 1 0 0
 0 0 0 0 0 0 0 0 0 0 0 0 0 0 0 1 0 0 0 1 0 0 0 0 1 0 1 0 0 0 0 0 0 1 0 0 0
 0 0 0 0 1 0 0 0 0 0 0 0 0 0 0 0 0 0 0 0 0 0 1 0 0 0 0 0 0 1 0 0 0 0 1 0 0
 0 0 0 0 0 0 0 0 0 0 0 0 0 0 0 0 0 0 0 0 0 0 0 0 0 0 1 0 0 1 0 0 0 1 0 0 0
 0 0 0 0 1 0 0 0 0 0 1 0 0 0 0 0 0 1 0 0 0 0 0 0 1 0 0 0 0 0 0 0 0 0 0 1 0
 0 0 0 0 0 0 0 0 0 0 0 0]
[0 0 1 0 1 1 1 0 0 0 0 0 0 0 0 0 0 0 0 1 0 1 0 0 0 0 0 0 0 0 1 0 0 0 0 1 0
 0 0 0 0 0 0 0 0 0 0 1 0 1 0 1 0 0 0 1 0 0 0 0 0 0 0 1 0 0 0 0 1 1 0 0 0 0
 0 0 0 0 0 0 0 1 0 1 0 0 0 0 1 0 0 1 0 0 0 0 0 0 0 0 0 1 1 1 0 1 0 0 0 0 0
 1 0 0 0 0 0 0 0 0 0 0 0 0 0 1 0 0 0 0 0 1 0 1 0 0 0 0 0 1 0 1 0 0 0 0 0 0
 0 1 0 0 0 0 0 0 1 0 0 0 0 0 0 1 1 0 0 0 0 0 0 0 0 0 0 1 0 0 1 0 0 0 0 0 0
 1 0 0 0 0 0 0 0 0 0 0 0 0 0 0 0 0 1 0 0 0 0 0 0 0 1 1 1 1 0 1 0 1 0 0 0 0
 0 0 0 0 0 0 0 0 0 0 0 0 1 0 0 0 1 1 1 0 0 0 0 0 0 0 1 1 0 0 0 0 0 1 0 0 0
 0 0 0 0 0 0 0 0 0 0 0 1]
Iter:      5,  Train Loss:  0.58,  Train Acc: 81.08%,  Val Loss:  0.61,  Val Acc: 72.32%,  Time: 0:33:28 *
验证集：
[0 0 0 0 1 0 1 0 0 0 0 0 0 0 0 0 0 0 0 1 0 0 0 0 0 1 0 0 0 0 0 0 1 0 0 0 0
 0 0 0 0 0 0 0 0 0 0 1 0 0 0 1 1 0 1 1 0 1 0 0 0 0 1 1 0 0 0 1 0 0 1 0 0 0
 0 0 0 0 0 0 0 0 1 0 0 0 0 0 1 0 1 0 0 0 0 0 1 0 0 0 0 1 0 0 0 0 0 1 0 0 0
 0 0 0 0 0 1 0 0 0 0 0 0 0 1 0 0 0 0 0 0 0 0 0 0 0 0 0 0 0 1 0 0 1 0 0 0 0
 0 1 0 0 1 0 1 1 0 0 0 1 1 0 0 0 0 0 1 0 0 0 0 0 1 0 1 0 0 0 0 0 0 0 1 1 0
 0 0 0 0 0 0 0 1 1 0 0 0 0 0 1 0 0 0 0 1 0 0 1 0 0 0 1 0 1 1 0 1 0 0 0 1 1
 0 0 1 0 1 0 1 1 0 0 0 1 0 1 0 0 1 0 0 0 0 0 0 1 0 0 0 0 0 1 0 0 0 0 0 1 0
 0 1 0 0 0 0 0 0 0 0 0 0 0 0 0 0 0 0 0 0 0 0 0 0 0 0 0 0 0 0 0 0 1 0 0 0 0
 0 0 0 0 1 0 0 0 1 0 1 0 1 0 1 1 1 0 0 0 1 1 0 0 0 0 0 0 1 0 1 0 0 0 0 1 1
 0 0 0 1 0 0 0 0 1 0 0 0 0 0 0 0 0 0 0 1 0 0 1 0 0 0 0 0 1 0 0 0 0 0 0 0 1
 1 0 1 0 1 0 1 0 0 0 0 0 0 0 0 0 1 0 1 0 1 0 1 0 1 0 1 0 0 0 0 0 0 0 0 0 0
 0 0 0 0 0 0]
[0 0 0 0 0 0 0 0 0 1 0 0 1 0 0 0 0 1 0 0 0 0 1 0 0 1 0 1 1 0 0 0 0 0 0 0 1
 0 0 0 1 0 0 0 1 0 0 0 0 0 0 0 0 1 0 0 0 0 0 0 0 0 0 1 0 0 0 0 1 0 0 0 0 0
 0 1 0 0 1 1 0 0 0 0 0 0 0 0 1 1 1 1 1 0 0 0 0 1 0 1 0 0 1 0 0 0 0 0 0 0 0
 0 0 0 0 0 1 0 0 0 0 0 0 0 1 0 0 0 1 0 1 0 0 0 1 0 1 0 1 1 0 1 0 1 0 1 0 0
 1 0 0 1 0 1 1 0 0 0 0 0 0 1 0 0 0 1 0 0 0 0 0 0 1 0 0 0 0 0 0 0 0 0 0 0 0
 0 0 1 0 1 0 0 0 0 1 0 1 0 0 0 0 0 0 0 1 0 0 0 0 0 0 0 0 0 1 0 1 0 0 0 1 1
 0 0 0 0 0 0 1 0 0 0 0 0 1 0 0 1 0 0 0 0 0 0 0 0 0 1 1 1 0 0 0 0 0 0 0 1 0
 0 1 0 0 0 0 0 0 0 0 0 0 0 1 0 1 0 1 1 0 0 0 0 0 0 0 1 0 0 0 0 0 0 0 0 0 0
 0 0 0 1 1 0 0 0 0 1 1 0 1 0 1 1 0 0 0 0 0 0 0 0 0 0 0 0 0 0 0 0 0 0 0 0 0
 1 0 0 0 1 1 1 0 0 1 0 0 0 0 0 1 0 0 0 0 0 0 0 0 1 0 0 1 0 0 0 0 0 1 1 0 1
 0 0 1 0 0 0 0 0 0 1 0 0 1 0 0 0 0 0 0 0 1 0 0 0 0 0 1 0 1 0 1 1 0 0 1 0 0
 0 1 0 1 0 0]
Test Loss:  0.63,  Test Acc: 68.77%
Precision, Recall and F1-Score...
              precision    recall  f1-score   support

       clean     0.8063    0.7938    0.8000       325
       buggy     0.2796    0.2955    0.2873        88

    accuracy                         0.6877       413
   macro avg     0.5429    0.5447    0.5436       413
weighted avg     0.6940    0.6877    0.6908       413

Confusion Matrix...
[[258  67]
 [ 62  26]]
Time usage: 0:05:27

Process finished with exit code 0
