"C:\Users\Takada Lab\Documents\GitHub\Bert-SDP\venv\Scripts\python.exe" "C:\Users\Takada Lab\Documents\GitHub\Bert-SDP\run.py"
bert_SDP
0it [00:00, ?it/s]Loading data...
780it [00:07, 99.09it/s]
551it [00:07, 77.33it/s]
538it [00:07, 74.82it/s]
Time usage: 0:00:22
Epoch [1/1]
0-------6
hhhhh
(tensor([[  101,  7305,  8916,  ...,     0,     0,     0],
        [  101,  7305,  8916,  ...,     0,     0,     0],
        [  101,  7305,  8916,  ...,   111,   111,   107],
        ...,
        [  101,  7305,  8916,  ..., 10436,  5521,  6451],
        [  101,  7305,  8916,  ..., 21778,  7766,  1215],
        [  101,  7305,  8916,  ...,     0,     0,     0]]), tensor([410, 244, 512, 106, 445, 406, 512,  31, 122, 512, 512, 493, 512,  80,
        134, 283, 118, 283, 512,  35, 512, 235, 123, 512,  95, 284,  51, 111,
        366, 512, 512, 512, 441, 512, 512, 512, 512, 512, 422, 512, 512, 512,
        512, 512, 512, 512, 512, 512, 272, 503, 512, 512, 512, 512, 512,  71,
        512, 512, 396, 512, 512, 512, 512, 512, 512, 512, 512, 512, 512, 512,
        512, 512, 512, 512, 512, 512, 512, 512, 512, 512, 512, 512, 512, 363,
        512, 512, 512, 512, 512, 512, 512, 512, 512, 512, 306, 512, 512, 512,
        512, 512, 512, 512, 512, 512, 512, 411, 512, 512, 512, 365, 512, 512,
        512, 512, 512, 512, 512, 512, 512, 512, 512, 512, 512, 512, 512, 512,
        512, 236]), tensor([[1, 1, 1,  ..., 0, 0, 0],
        [1, 1, 1,  ..., 0, 0, 0],
        [1, 1, 1,  ..., 1, 1, 1],
        ...,
        [1, 1, 1,  ..., 1, 1, 1],
        [1, 1, 1,  ..., 1, 1, 1],
        [1, 1, 1,  ..., 0, 0, 0]]))
hhhhh-0:torch.Size([128, 512])
tensor([[  101,  7305,  8916,  ...,     0,     0,     0],
        [  101,  7305,  8916,  ...,     0,     0,     0],
        [  101,  7305,  8916,  ...,   111,   111,   107],
        ...,
        [  101,  7305,  8916,  ..., 10436,  5521,  6451],
        [  101,  7305,  8916,  ..., 21778,  7766,  1215],
        [  101,  7305,  8916,  ...,     0,     0,     0]])
hhhhh-1:torch.Size([128])
tensor([410, 244, 512, 106, 445, 406, 512,  31, 122, 512, 512, 493, 512,  80,
        134, 283, 118, 283, 512,  35, 512, 235, 123, 512,  95, 284,  51, 111,
        366, 512, 512, 512, 441, 512, 512, 512, 512, 512, 422, 512, 512, 512,
        512, 512, 512, 512, 512, 512, 272, 503, 512, 512, 512, 512, 512,  71,
        512, 512, 396, 512, 512, 512, 512, 512, 512, 512, 512, 512, 512, 512,
        512, 512, 512, 512, 512, 512, 512, 512, 512, 512, 512, 512, 512, 363,
        512, 512, 512, 512, 512, 512, 512, 512, 512, 512, 306, 512, 512, 512,
        512, 512, 512, 512, 512, 512, 512, 411, 512, 512, 512, 365, 512, 512,
        512, 512, 512, 512, 512, 512, 512, 512, 512, 512, 512, 512, 512, 512,
        512, 236])
hhhhh-2:torch.Size([128, 512])
tensor([[1, 1, 1,  ..., 0, 0, 0],
        [1, 1, 1,  ..., 0, 0, 0],
        [1, 1, 1,  ..., 1, 1, 1],
        ...,
        [1, 1, 1,  ..., 1, 1, 1],
        [1, 1, 1,  ..., 1, 1, 1],
        [1, 1, 1,  ..., 0, 0, 0]])
hhhhh-labels:torch.Size([128])
tensor([0, 0, 0, 0, 0, 0, 1, 0, 0, 0, 0, 0, 0, 0, 0, 0, 0, 0, 0, 0, 0, 0, 0, 1,
        0, 0, 0, 0, 0, 0, 0, 1, 1, 1, 1, 1, 1, 1, 1, 1, 1, 1, 1, 1, 1, 1, 1, 1,
        1, 1, 1, 1, 1, 1, 1, 1, 1, 1, 1, 1, 1, 1, 1, 1, 1, 1, 1, 1, 1, 1, 1, 1,
        1, 1, 1, 1, 1, 1, 1, 1, 1, 1, 1, 1, 1, 1, 1, 1, 1, 1, 1, 1, 1, 1, 1, 1,
        1, 1, 1, 1, 1, 1, 1, 1, 1, 1, 1, 1, 1, 1, 1, 1, 1, 1, 1, 1, 1, 1, 1, 1,
        1, 1, 1, 1, 1, 1, 1, 1])
C:\Users\Takada Lab\Documents\GitHub\Bert-SDP\pytorch_pretrained\optimization.py:275: UserWarning: This overload of add_ is deprecated:
	add_(Number alpha, Tensor other)
Consider using one of the following signatures instead:
	add_(Tensor other, *, Number alpha) (Triggered internally at C:\actions-runner\_work\pytorch\pytorch\builder\windows\pytorch\torch\csrc\utils\python_arg_parser.cpp:1420.)
  next_m.mul_(beta1).add_(1 - beta1, grad)
验证集：
[1 0 0 0 0 0 0 0 0 0 0 0 0 0 0 0 0 0 0 0 0 0 0 1 0 1 0 0 0 0 0 1 0 0 0 0 0
 0 0 0 0 0 0 0 0 0 0 0 1 0 0 0 0 0 0 0 1 1 1 1 1 1 1 1 1 1 1 1 1 1 1 1 1 1
 1 1 1 1 1 1 1 1 1 1 1 1 1 1 1 1 1 1 1 1 1 1 1 1 1 1 1 1 1 1 1 1 1 1 1 1 1
 1 1 1 1 1 1 1 1 1 1 1 1 1 1 1 1 1 1 1 1 1 1 1 1 1 1 1 1 1 1 1 1 1 1 1 1 1
 1 1 1 1 1 1 1 1 1 1 1 1 1 1 1 1 1 1 1 1 1 1 1 1 1 1 1 1 1 1 1 1 1 1 1 1 1
 1 1 1 1 1 1 1 1 1 1 1 1 1 1 1 1 1 1 1 1 1 1 1 1 1 1 1 1 1 1 1 1 1 1 1 1 1
 1 1 1 1 1 1 1 1 1 1 1 1 1 1 1 1 1 1 1 1 1 1 1 1 1 1 1 1 1 1 1 1 1 1 1 1 1
 1 1 1 1 1 1 1 1 1 1 1 1 1 1 1 1 1 1 1 1 1 1 1 1 1 1 1 1 1 1 1 1 1 1 1 1 1
 1 1 1 1 1 1 1 1 1 1 1 1 0 0 0 0 0 0 0 0 0 0 0 0 0 0 0 0 0 0 0 0 0 0 0 0 0
 0 0 0 1 1 0 0 0 1 0 0 0 0 0 0 0 0 0 0 1 0 0 0 0 0 0 0 1 0 0 0 0 0 0 1 0 0
 0 0 0 0 0 0 0 0 0 1 0 0 0 0 0 0 0 0 1 0 0 0 0 0 0 0 0 0 0 0 0 0 0 0 0 0 1
 0 0 0 1 0 0 0 0 1 0 1 0 0 0 0 0 0 1 0 0 0 0 0 0 0 1 0 0 0 0 0 0 0 0 0 0 0
 0 0 0 0 0 0 1 0 0 0 0 0 0 1 0 0 0 0 1 0 0 0 0 0 0 0 0 0 0 0 0 0 0 0 0 0 0
 0 0 0 0 0 0 0 0 0 0 1 0 0 1 0 0 0 1 0 0 0 0 0 0 0 1 0 0 0 0 0 1 0 0 0 0 0
 0 1 0 0 0 0 0 0 1 0 0 0 0 0 0 0 0 0 0 1 0 0 0 0 0 0 0 0 0 0 0 0 0]
[1 0 1 0 1 1 1 0 0 1 0 0 1 0 1 0 0 0 1 1 1 1 0 0 0 0 0 0 1 0 0 0 1 0 0 0 0
 1 0 0 0 0 0 0 1 0 0 0 0 0 1 0 0 1 0 0 1 0 0 1 0 0 1 0 1 1 0 1 0 0 0 0 0 0
 1 1 1 1 0 0 0 1 0 0 1 1 0 1 1 1 1 1 1 0 0 0 0 0 1 0 1 1 0 1 1 0 1 0 0 0 1
 1 0 1 1 0 0 1 1 0 1 1 0 1 1 1 0 0 1 0 0 1 1 1 0 1 1 1 0 1 1 0 1 0 1 0 0 1
 0 0 1 0 0 0 0 0 0 0 0 0 1 1 0 1 0 0 0 1 0 1 1 1 1 1 0 1 0 1 0 1 0 0 0 1 1
 1 1 1 1 0 0 0 1 1 1 1 0 1 1 1 1 1 0 1 0 1 1 1 1 0 0 1 0 1 0 1 0 1 0 1 1 1
 1 0 0 1 1 0 0 1 0 0 1 1 0 1 0 1 1 1 1 0 0 0 1 1 0 0 1 0 0 1 1 1 0 1 0 1 1
 0 1 0 1 1 1 1 1 0 0 0 1 1 0 1 1 0 1 1 1 1 1 0 0 1 0 1 1 0 0 1 0 0 1 0 1 1
 0 1 1 1 0 0 1 1 1 1 1 1 0 0 1 0 0 0 0 1 1 0 0 0 0 0 1 0 1 0 0 1 0 1 0 1 1
 0 1 1 1 0 0 1 0 0 1 1 0 1 1 0 1 1 1 1 1 1 1 1 1 1 0 0 0 1 0 1 1 0 0 1 1 0
 0 1 0 1 0 0 1 0 0 1 0 1 1 1 0 1 0 0 0 0 0 1 0 0 0 0 0 1 0 0 0 0 0 0 0 1 1
 1 0 1 0 1 0 1 0 0 1 0 1 1 0 1 0 0 0 0 0 0 0 1 1 0 0 0 1 0 1 0 0 0 0 0 1 1
 1 0 0 0 1 0 0 0 1 1 0 1 0 1 1 0 1 0 1 1 0 1 0 1 1 1 1 0 0 0 0 0 1 0 0 1 0
 1 1 1 1 0 1 0 0 1 1 1 1 1 1 1 0 1 0 0 0 0 1 0 0 0 0 1 0 0 0 0 0 0 1 1 0 0
 1 1 1 1 0 0 1 0 0 1 1 1 0 1 0 1 0 1 0 0 0 1 1 0 0 0 1 1 0 0 1 0 1]
Iter:      0,  Train Loss:  0.69,  Train Acc: 53.12%,  Val Loss:  0.69,  Val Acc: 54.99%,  Time: 0:08:53 *
1-------6
验证集：
[1 0 0 0 0 0 0 0 0 0 0 0 0 0 0 0 0 0 0 0 0 0 0 1 0 1 0 0 0 0 0 1 0 0 0 0 0
 0 0 0 0 0 0 0 0 0 0 0 1 0 0 0 0 0 0 0 1 1 1 1 1 1 1 1 1 1 1 1 1 1 1 1 1 1
 1 1 1 1 1 1 1 1 1 1 1 1 1 1 1 1 1 1 1 1 1 1 1 1 1 1 1 1 1 1 1 1 1 1 1 1 1
 1 1 1 1 1 1 1 1 1 1 1 1 1 1 1 1 1 1 1 1 1 1 1 1 1 1 1 1 1 1 1 1 1 1 1 1 1
 1 1 1 1 1 1 1 1 1 1 1 1 1 1 1 1 1 1 1 1 1 1 1 1 1 1 1 1 1 1 1 1 1 1 1 1 1
 1 1 1 1 1 1 1 1 1 1 1 1 1 1 1 1 1 1 1 1 1 1 1 1 1 1 1 1 1 1 1 1 1 1 1 1 1
 1 1 1 1 1 1 1 1 1 1 1 1 1 1 1 1 1 1 1 1 1 1 1 1 1 1 1 1 1 1 1 1 1 1 1 1 1
 1 1 1 1 1 1 1 1 1 1 1 1 1 1 1 1 1 1 1 1 1 1 1 1 1 1 1 1 1 1 1 1 1 1 1 1 1
 1 1 1 1 1 1 1 1 1 1 1 1 0 0 0 0 0 0 0 0 0 0 0 0 0 0 0 0 0 0 0 0 0 0 0 0 0
 0 0 0 1 1 0 0 0 1 0 0 0 0 0 0 0 0 0 0 1 0 0 0 0 0 0 0 1 0 0 0 0 0 0 1 0 0
 0 0 0 0 0 0 0 0 0 1 0 0 0 0 0 0 0 0 1 0 0 0 0 0 0 0 0 0 0 0 0 0 0 0 0 0 1
 0 0 0 1 0 0 0 0 1 0 1 0 0 0 0 0 0 1 0 0 0 0 0 0 0 1 0 0 0 0 0 0 0 0 0 0 0
 0 0 0 0 0 0 1 0 0 0 0 0 0 1 0 0 0 0 1 0 0 0 0 0 0 0 0 0 0 0 0 0 0 0 0 0 0
 0 0 0 0 0 0 0 0 0 0 1 0 0 1 0 0 0 1 0 0 0 0 0 0 0 1 0 0 0 0 0 1 0 0 0 0 0
 0 1 0 0 0 0 0 0 1 0 0 0 0 0 0 0 0 0 0 1 0 0 0 0 0 0 0 0 0 0 0 0 0]
[1 0 1 0 1 1 1 1 0 1 0 0 1 0 1 0 1 0 1 1 1 1 0 0 0 1 0 1 1 0 1 0 1 0 0 0 0
 1 0 0 0 0 0 1 1 0 0 0 0 0 1 0 0 1 0 0 1 0 1 1 0 0 1 0 1 1 1 1 1 1 1 1 0 0
 1 1 1 1 0 0 0 1 0 0 1 1 1 1 1 1 1 1 1 1 0 0 1 0 1 1 1 1 0 1 1 1 1 1 0 1 1
 1 0 1 1 0 1 1 1 0 1 1 0 1 1 1 0 0 1 0 0 1 1 1 0 1 1 1 0 1 1 0 1 0 1 0 1 1
 0 0 1 1 0 0 0 0 0 0 1 0 1 1 0 1 0 0 0 1 1 1 1 1 1 1 0 1 1 1 0 1 1 0 0 1 1
 1 1 1 1 0 0 0 1 1 1 1 1 1 1 1 1 1 0 1 1 1 1 1 1 0 0 1 0 1 1 1 1 1 1 1 1 1
 1 1 0 1 1 0 0 1 1 0 1 1 0 1 0 1 1 1 1 0 1 0 1 1 1 0 1 0 0 1 1 1 0 1 0 1 1
 1 1 1 1 1 1 1 1 0 0 0 1 1 0 1 1 0 1 1 1 1 1 0 0 1 0 1 1 1 0 1 0 0 1 0 1 1
 1 1 1 1 0 1 1 1 1 1 1 1 0 0 1 0 0 0 0 1 1 0 0 0 1 0 1 1 1 0 1 1 0 1 0 1 1
 0 1 1 1 0 1 1 1 0 1 1 0 1 1 1 1 1 1 1 1 1 1 1 1 1 0 0 0 1 0 1 1 1 0 1 1 0
 0 1 0 1 0 0 1 0 0 1 0 1 1 1 0 1 0 0 1 0 0 1 0 0 0 0 0 1 1 1 0 1 0 0 0 1 1
 1 0 1 1 1 0 1 0 1 1 1 1 1 0 1 1 0 1 0 0 0 0 1 1 0 0 0 1 0 1 0 0 0 0 0 1 1
 1 0 0 1 1 0 0 0 1 1 1 1 0 1 1 1 1 0 1 1 0 1 1 1 1 1 1 0 0 0 0 0 1 0 0 1 0
 1 1 1 1 0 1 0 1 1 1 1 1 1 1 1 0 1 0 0 0 0 1 0 0 0 0 1 0 1 1 0 0 0 1 1 0 0
 1 1 1 1 0 0 1 0 0 1 1 1 1 1 0 1 0 1 0 0 0 1 1 0 0 0 1 1 0 0 1 0 1]
Iter:      1,  Train Loss:  0.68,  Train Acc: 56.25%,  Val Loss:  0.68,  Val Acc: 57.89%,  Time: 0:17:39 *
2-------6
验证集：
[1 0 0 0 0 0 0 0 0 0 0 0 0 0 0 0 0 0 0 0 0 0 0 1 0 1 0 0 0 0 0 1 0 0 0 0 0
 0 0 0 0 0 0 0 0 0 0 0 1 0 0 0 0 0 0 0 1 1 1 1 1 1 1 1 1 1 1 1 1 1 1 1 1 1
 1 1 1 1 1 1 1 1 1 1 1 1 1 1 1 1 1 1 1 1 1 1 1 1 1 1 1 1 1 1 1 1 1 1 1 1 1
 1 1 1 1 1 1 1 1 1 1 1 1 1 1 1 1 1 1 1 1 1 1 1 1 1 1 1 1 1 1 1 1 1 1 1 1 1
 1 1 1 1 1 1 1 1 1 1 1 1 1 1 1 1 1 1 1 1 1 1 1 1 1 1 1 1 1 1 1 1 1 1 1 1 1
 1 1 1 1 1 1 1 1 1 1 1 1 1 1 1 1 1 1 1 1 1 1 1 1 1 1 1 1 1 1 1 1 1 1 1 1 1
 1 1 1 1 1 1 1 1 1 1 1 1 1 1 1 1 1 1 1 1 1 1 1 1 1 1 1 1 1 1 1 1 1 1 1 1 1
 1 1 1 1 1 1 1 1 1 1 1 1 1 1 1 1 1 1 1 1 1 1 1 1 1 1 1 1 1 1 1 1 1 1 1 1 1
 1 1 1 1 1 1 1 1 1 1 1 1 0 0 0 0 0 0 0 0 0 0 0 0 0 0 0 0 0 0 0 0 0 0 0 0 0
 0 0 0 1 1 0 0 0 1 0 0 0 0 0 0 0 0 0 0 1 0 0 0 0 0 0 0 1 0 0 0 0 0 0 1 0 0
 0 0 0 0 0 0 0 0 0 1 0 0 0 0 0 0 0 0 1 0 0 0 0 0 0 0 0 0 0 0 0 0 0 0 0 0 1
 0 0 0 1 0 0 0 0 1 0 1 0 0 0 0 0 0 1 0 0 0 0 0 0 0 1 0 0 0 0 0 0 0 0 0 0 0
 0 0 0 0 0 0 1 0 0 0 0 0 0 1 0 0 0 0 1 0 0 0 0 0 0 0 0 0 0 0 0 0 0 0 0 0 0
 0 0 0 0 0 0 0 0 0 0 1 0 0 1 0 0 0 1 0 0 0 0 0 0 0 1 0 0 0 0 0 1 0 0 0 0 0
 0 1 0 0 0 0 0 0 1 0 0 0 0 0 0 0 0 0 0 1 0 0 0 0 0 0 0 0 0 0 0 0 0]
[1 1 1 0 1 1 1 1 1 1 0 0 1 0 1 0 1 0 1 1 1 1 0 0 0 1 0 1 1 0 1 1 1 0 0 0 0
 1 0 0 0 0 0 1 1 0 0 0 0 0 1 0 0 1 0 1 1 0 1 1 0 0 1 0 1 1 1 1 1 1 1 1 0 0
 1 1 1 1 0 0 0 1 1 0 1 1 1 1 1 1 1 1 1 1 0 1 1 0 1 1 1 1 0 1 1 1 1 1 0 1 1
 1 0 1 1 0 1 1 1 0 1 1 1 1 1 1 0 0 1 0 1 1 1 1 0 1 1 1 0 1 1 0 1 0 1 0 1 1
 0 0 1 1 0 1 0 1 0 1 1 0 1 1 0 1 0 1 0 1 1 1 1 1 1 1 0 1 1 1 0 1 1 0 0 1 1
 1 1 1 1 0 0 0 1 1 1 1 1 1 1 1 1 1 0 1 1 1 1 1 1 0 0 1 0 1 1 1 1 1 1 1 1 1
 1 1 1 1 1 0 0 1 1 0 1 1 0 1 1 1 1 1 1 0 1 0 1 1 1 1 1 0 0 1 1 1 0 1 0 1 1
 1 1 1 1 1 1 1 1 0 0 1 1 1 0 1 1 0 1 1 1 1 1 0 0 1 0 1 1 1 0 1 1 0 1 0 1 1
 1 1 1 1 0 1 1 1 1 1 1 1 0 1 1 0 0 1 0 1 1 0 0 0 1 0 1 1 1 0 1 1 0 1 0 1 1
 0 1 1 1 0 1 1 1 0 1 1 0 1 1 1 1 1 1 1 1 1 1 1 1 1 0 0 0 1 0 1 1 1 0 1 1 0
 0 1 0 1 0 0 1 0 1 1 0 1 1 1 1 1 0 0 1 1 0 1 0 0 1 1 0 1 1 1 0 1 1 0 0 1 1
 1 0 1 1 1 0 1 0 1 1 1 1 1 0 1 1 0 1 0 0 0 0 1 1 0 0 0 1 0 1 0 0 0 0 0 1 1
 1 0 0 1 1 0 0 0 1 1 1 1 0 1 1 1 1 0 1 1 0 1 1 1 1 1 1 0 0 0 0 0 1 0 0 1 0
 1 1 1 1 0 1 0 1 1 1 1 1 1 1 1 0 1 0 0 0 0 1 0 1 0 0 1 0 1 1 1 0 0 1 1 0 0
 1 1 1 1 0 0 1 0 1 1 1 1 1 1 0 1 0 1 0 0 0 1 1 0 0 0 1 1 0 0 1 0 1]
Iter:      2,  Train Loss:  0.69,  Train Acc: 54.69%,  Val Loss:  0.68,  Val Acc: 58.26%,  Time: 0:26:35 *
3-------6
验证集：
[1 0 0 0 0 0 0 0 0 0 0 0 0 0 0 0 0 0 0 0 0 0 0 1 0 1 0 0 0 0 0 1 0 0 0 0 0
 0 0 0 0 0 0 0 0 0 0 0 1 0 0 0 0 0 0 0 1 1 1 1 1 1 1 1 1 1 1 1 1 1 1 1 1 1
 1 1 1 1 1 1 1 1 1 1 1 1 1 1 1 1 1 1 1 1 1 1 1 1 1 1 1 1 1 1 1 1 1 1 1 1 1
 1 1 1 1 1 1 1 1 1 1 1 1 1 1 1 1 1 1 1 1 1 1 1 1 1 1 1 1 1 1 1 1 1 1 1 1 1
 1 1 1 1 1 1 1 1 1 1 1 1 1 1 1 1 1 1 1 1 1 1 1 1 1 1 1 1 1 1 1 1 1 1 1 1 1
 1 1 1 1 1 1 1 1 1 1 1 1 1 1 1 1 1 1 1 1 1 1 1 1 1 1 1 1 1 1 1 1 1 1 1 1 1
 1 1 1 1 1 1 1 1 1 1 1 1 1 1 1 1 1 1 1 1 1 1 1 1 1 1 1 1 1 1 1 1 1 1 1 1 1
 1 1 1 1 1 1 1 1 1 1 1 1 1 1 1 1 1 1 1 1 1 1 1 1 1 1 1 1 1 1 1 1 1 1 1 1 1
 1 1 1 1 1 1 1 1 1 1 1 1 0 0 0 0 0 0 0 0 0 0 0 0 0 0 0 0 0 0 0 0 0 0 0 0 0
 0 0 0 1 1 0 0 0 1 0 0 0 0 0 0 0 0 0 0 1 0 0 0 0 0 0 0 1 0 0 0 0 0 0 1 0 0
 0 0 0 0 0 0 0 0 0 1 0 0 0 0 0 0 0 0 1 0 0 0 0 0 0 0 0 0 0 0 0 0 0 0 0 0 1
 0 0 0 1 0 0 0 0 1 0 1 0 0 0 0 0 0 1 0 0 0 0 0 0 0 1 0 0 0 0 0 0 0 0 0 0 0
 0 0 0 0 0 0 1 0 0 0 0 0 0 1 0 0 0 0 1 0 0 0 0 0 0 0 0 0 0 0 0 0 0 0 0 0 0
 0 0 0 0 0 0 0 0 0 0 1 0 0 1 0 0 0 1 0 0 0 0 0 0 0 1 0 0 0 0 0 1 0 0 0 0 0
 0 1 0 0 0 0 0 0 1 0 0 0 0 0 0 0 0 0 0 1 0 0 0 0 0 0 0 0 0 0 0 0 0]
[1 1 1 0 1 1 1 1 1 1 0 0 1 0 1 0 1 0 1 1 1 1 0 0 0 1 0 1 1 0 1 1 1 0 0 0 0
 1 0 0 0 0 0 1 1 0 0 0 0 0 1 0 0 1 0 1 1 0 1 1 0 0 1 0 1 1 1 1 1 1 1 1 1 0
 1 1 1 1 0 1 0 1 1 0 1 1 1 1 1 1 1 1 1 1 0 1 1 0 1 1 1 1 0 1 1 1 1 1 0 1 1
 1 0 1 1 0 1 1 1 0 1 1 1 1 1 1 0 0 1 0 1 1 1 1 0 1 1 1 0 1 1 0 1 0 1 0 1 1
 0 1 1 1 0 0 0 1 0 1 1 0 1 1 0 1 0 1 0 1 1 1 1 1 1 1 0 1 1 1 0 1 1 0 0 1 1
 1 1 1 1 0 0 0 1 1 1 1 1 1 1 1 1 1 0 1 1 1 1 1 1 0 0 1 0 1 1 1 1 1 1 1 1 1
 1 1 1 1 1 0 0 1 1 0 1 1 0 1 1 1 1 1 1 0 1 0 1 1 1 1 1 0 0 1 1 1 0 1 0 1 1
 1 1 1 1 1 1 1 1 0 0 1 1 1 0 1 1 0 1 1 1 1 1 0 0 1 0 1 1 1 0 1 1 1 1 0 1 1
 1 1 1 1 0 1 1 1 1 1 1 1 0 1 1 0 0 1 0 1 1 0 0 0 1 0 1 1 1 0 1 1 0 1 0 1 1
 0 1 1 1 0 1 1 1 0 1 1 0 1 1 1 1 1 1 1 1 1 1 1 1 1 0 0 0 1 0 1 1 1 0 1 1 0
 0 1 0 1 0 0 1 0 1 1 0 1 1 1 0 1 0 0 1 1 0 1 0 0 1 1 0 1 1 1 0 1 1 0 0 1 1
 1 0 1 1 1 0 1 0 1 1 1 1 1 0 1 1 0 1 0 0 0 0 1 1 0 1 0 1 0 1 0 0 0 0 0 1 1
 1 0 0 1 1 0 0 1 1 1 1 1 0 1 1 1 1 0 1 1 0 1 1 1 1 1 1 0 0 0 0 0 1 0 0 1 0
 1 1 1 1 0 1 0 1 1 1 1 1 1 1 1 0 1 0 0 0 0 1 0 0 0 1 1 0 1 1 1 0 0 1 1 0 0
 1 1 1 1 0 0 1 0 1 1 1 1 1 1 0 1 0 1 0 0 0 1 1 0 0 0 1 1 0 0 1 0 1]
Iter:      3,  Train Loss:  0.68,  Train Acc: 53.12%,  Val Loss:  0.68,  Val Acc: 59.35%,  Time: 0:35:35 *
4-------6
验证集：
[1 0 0 0 0 0 0 0 0 0 0 0 0 0 0 0 0 0 0 0 0 0 0 1 0 1 0 0 0 0 0 1 0 0 0 0 0
 0 0 0 0 0 0 0 0 0 0 0 1 0 0 0 0 0 0 0 1 1 1 1 1 1 1 1 1 1 1 1 1 1 1 1 1 1
 1 1 1 1 1 1 1 1 1 1 1 1 1 1 1 1 1 1 1 1 1 1 1 1 1 1 1 1 1 1 1 1 1 1 1 1 1
 1 1 1 1 1 1 1 1 1 1 1 1 1 1 1 1 1 1 1 1 1 1 1 1 1 1 1 1 1 1 1 1 1 1 1 1 1
 1 1 1 1 1 1 1 1 1 1 1 1 1 1 1 1 1 1 1 1 1 1 1 1 1 1 1 1 1 1 1 1 1 1 1 1 1
 1 1 1 1 1 1 1 1 1 1 1 1 1 1 1 1 1 1 1 1 1 1 1 1 1 1 1 1 1 1 1 1 1 1 1 1 1
 1 1 1 1 1 1 1 1 1 1 1 1 1 1 1 1 1 1 1 1 1 1 1 1 1 1 1 1 1 1 1 1 1 1 1 1 1
 1 1 1 1 1 1 1 1 1 1 1 1 1 1 1 1 1 1 1 1 1 1 1 1 1 1 1 1 1 1 1 1 1 1 1 1 1
 1 1 1 1 1 1 1 1 1 1 1 1 0 0 0 0 0 0 0 0 0 0 0 0 0 0 0 0 0 0 0 0 0 0 0 0 0
 0 0 0 1 1 0 0 0 1 0 0 0 0 0 0 0 0 0 0 1 0 0 0 0 0 0 0 1 0 0 0 0 0 0 1 0 0
 0 0 0 0 0 0 0 0 0 1 0 0 0 0 0 0 0 0 1 0 0 0 0 0 0 0 0 0 0 0 0 0 0 0 0 0 1
 0 0 0 1 0 0 0 0 1 0 1 0 0 0 0 0 0 1 0 0 0 0 0 0 0 1 0 0 0 0 0 0 0 0 0 0 0
 0 0 0 0 0 0 1 0 0 0 0 0 0 1 0 0 0 0 1 0 0 0 0 0 0 0 0 0 0 0 0 0 0 0 0 0 0
 0 0 0 0 0 0 0 0 0 0 1 0 0 1 0 0 0 1 0 0 0 0 0 0 0 1 0 0 0 0 0 1 0 0 0 0 0
 0 1 0 0 0 0 0 0 1 0 0 0 0 0 0 0 0 0 0 1 0 0 0 0 0 0 0 0 0 0 0 0 0]
[1 1 1 0 1 1 1 1 1 1 0 0 1 0 1 0 1 0 1 1 1 1 0 0 0 1 0 1 1 0 1 1 1 0 0 0 0
 1 0 0 0 0 0 1 0 0 0 0 0 0 1 0 0 1 0 1 1 0 1 1 0 0 1 0 1 1 1 1 1 1 1 1 1 0
 1 1 1 1 0 1 0 1 1 0 1 1 1 1 1 1 1 1 1 1 0 1 1 0 1 1 1 1 0 1 1 1 1 1 0 1 1
 1 0 1 1 0 1 1 1 0 1 1 1 1 1 1 0 0 1 1 1 1 1 1 0 1 1 1 0 1 1 0 1 0 1 0 1 1
 0 1 1 1 0 0 0 1 0 1 1 0 1 1 0 1 0 1 0 1 1 1 1 1 1 1 0 1 1 1 0 1 1 0 0 1 1
 1 1 1 1 0 0 0 1 1 1 1 1 1 1 1 1 1 0 1 1 1 1 1 1 0 0 1 0 1 1 1 1 1 1 1 1 1
 1 1 1 1 1 0 0 1 1 0 1 1 0 1 1 1 1 1 1 0 1 0 1 1 1 1 1 0 0 1 1 1 0 1 0 1 1
 1 1 1 1 1 1 1 1 0 0 1 1 1 0 1 1 0 1 1 1 1 1 0 0 1 0 1 1 1 0 1 1 1 1 0 1 1
 1 1 1 1 0 1 1 1 1 1 1 1 0 1 1 0 0 1 0 1 1 0 0 0 1 0 1 1 1 0 1 1 0 1 0 1 1
 0 1 1 1 0 1 1 1 0 1 1 0 1 1 1 1 1 1 1 1 1 1 1 1 1 0 0 0 1 0 1 1 1 0 1 1 0
 0 1 0 1 0 0 1 0 1 1 0 1 1 1 0 1 0 0 1 0 0 1 0 0 1 0 0 1 1 1 0 1 1 0 0 1 1
 1 0 1 1 1 0 1 0 1 1 1 1 1 0 1 1 0 1 0 0 0 0 1 1 0 1 0 1 0 1 0 0 0 0 0 1 1
 1 0 0 1 1 0 0 1 1 1 1 1 0 1 1 1 1 0 1 1 0 1 1 1 1 1 1 0 0 0 0 0 1 0 0 1 0
 1 1 1 1 0 1 0 1 1 1 1 1 1 1 1 0 1 0 0 0 0 1 0 0 0 1 1 0 1 1 1 0 0 1 1 0 0
 1 1 1 1 0 0 1 0 1 1 1 1 1 1 0 1 0 1 0 0 0 1 1 0 0 0 1 1 0 0 1 0 1]
Iter:      4,  Train Loss:   0.7,  Train Acc: 54.69%,  Val Loss:  0.68,  Val Acc: 60.07%,  Time: 0:44:36 *
5-------6
验证集：
[1 0 0 0 0 0 0 0 0 0 0 0 0 0 0 0 0 0 0 0 0 0 0 1 0 1 0 0 0 0 0 1 0 0 0 0 0
 0 0 0 0 0 0 0 0 0 0 0 1 0 0 0 0 0 0 0 1 1 1 1 1 1 1 1 1 1 1 1 1 1 1 1 1 1
 1 1 1 1 1 1 1 1 1 1 1 1 1 1 1 1 1 1 1 1 1 1 1 1 1 1 1 1 1 1 1 1 1 1 1 1 1
 1 1 1 1 1 1 1 1 1 1 1 1 1 1 1 1 1 1 1 1 1 1 1 1 1 1 1 1 1 1 1 1 1 1 1 1 1
 1 1 1 1 1 1 1 1 1 1 1 1 1 1 1 1 1 1 1 1 1 1 1 1 1 1 1 1 1 1 1 1 1 1 1 1 1
 1 1 1 1 1 1 1 1 1 1 1 1 1 1 1 1 1 1 1 1 1 1 1 1 1 1 1 1 1 1 1 1 1 1 1 1 1
 1 1 1 1 1 1 1 1 1 1 1 1 1 1 1 1 1 1 1 1 1 1 1 1 1 1 1 1 1 1 1 1 1 1 1 1 1
 1 1 1 1 1 1 1 1 1 1 1 1 1 1 1 1 1 1 1 1 1 1 1 1 1 1 1 1 1 1 1 1 1 1 1 1 1
 1 1 1 1 1 1 1 1 1 1 1 1 0 0 0 0 0 0 0 0 0 0 0 0 0 0 0 0 0 0 0 0 0 0 0 0 0
 0 0 0 1 1 0 0 0 1 0 0 0 0 0 0 0 0 0 0 1 0 0 0 0 0 0 0 1 0 0 0 0 0 0 1 0 0
 0 0 0 0 0 0 0 0 0 1 0 0 0 0 0 0 0 0 1 0 0 0 0 0 0 0 0 0 0 0 0 0 0 0 0 0 1
 0 0 0 1 0 0 0 0 1 0 1 0 0 0 0 0 0 1 0 0 0 0 0 0 0 1 0 0 0 0 0 0 0 0 0 0 0
 0 0 0 0 0 0 1 0 0 0 0 0 0 1 0 0 0 0 1 0 0 0 0 0 0 0 0 0 0 0 0 0 0 0 0 0 0
 0 0 0 0 0 0 0 0 0 0 1 0 0 1 0 0 0 1 0 0 0 0 0 0 0 1 0 0 0 0 0 1 0 0 0 0 0
 0 1 0 0 0 0 0 0 1 0 0 0 0 0 0 0 0 0 0 1 0 0 0 0 0 0 0 0 0 0 0 0 0]
[1 1 1 0 1 1 1 1 1 1 0 0 1 0 1 0 1 0 1 1 1 1 0 0 0 1 0 1 1 0 1 1 1 0 0 0 0
 1 0 0 0 0 0 1 0 0 0 0 0 0 1 0 0 1 0 1 1 0 1 1 0 0 1 0 1 1 1 1 1 1 1 1 0 0
 1 1 1 1 0 0 0 1 1 0 1 1 1 1 1 1 1 1 1 1 0 1 1 0 1 1 1 1 0 1 1 1 1 1 0 1 1
 1 0 1 1 0 1 1 1 0 1 1 1 1 1 1 0 0 1 1 1 1 1 1 0 1 1 1 0 1 1 0 1 0 1 0 1 1
 0 0 1 1 0 0 0 1 0 1 1 0 1 1 0 1 0 1 0 1 1 1 1 1 1 1 0 1 1 1 0 1 1 0 0 1 1
 1 1 1 1 0 0 0 1 1 1 1 1 1 1 1 1 1 0 1 1 1 1 1 1 0 0 1 0 1 1 1 1 1 1 1 1 1
 1 1 0 1 1 0 0 1 1 0 1 1 0 1 1 1 1 1 1 0 1 0 1 1 1 1 1 0 0 1 1 1 0 1 0 1 1
 1 1 1 1 1 1 1 1 0 0 1 1 1 0 1 1 0 1 1 1 1 1 0 0 1 0 1 1 1 0 1 1 1 1 0 1 1
 1 1 1 1 0 1 1 1 1 1 1 1 0 1 1 0 0 1 0 1 1 0 0 0 1 0 1 0 1 0 1 1 0 1 0 1 1
 0 1 1 1 0 1 1 1 0 1 1 0 1 1 1 1 1 1 1 1 1 1 1 1 1 0 0 0 1 0 1 1 1 0 1 1 0
 0 1 0 1 0 0 1 0 1 1 0 1 1 1 0 1 0 0 1 0 0 1 0 0 1 0 0 1 1 1 0 1 1 0 0 1 1
 1 0 1 1 1 0 1 0 1 1 1 1 1 0 1 1 0 1 0 0 0 0 1 1 0 0 0 1 0 1 0 0 0 0 0 1 1
 1 0 0 1 1 0 0 1 1 1 1 1 0 1 1 1 1 0 1 1 0 1 1 1 1 1 1 0 0 0 0 0 1 0 0 1 0
 1 1 1 1 0 1 0 1 1 1 1 1 1 1 1 0 1 0 0 0 0 1 0 0 0 0 1 0 1 1 1 0 0 1 1 0 0
 1 1 1 1 0 0 1 0 1 1 1 1 1 1 0 1 0 1 0 0 0 1 1 0 0 0 1 1 0 0 1 0 1]
Iter:      5,  Train Loss:   0.7,  Train Acc: 53.91%,  Val Loss:  0.68,  Val Acc: 59.17%,  Time: 0:53:41 *
验证集：
[0 0 0 1 0 0 0 0 0 0 0 0 0 0 0 0 0 0 0 0 1 0 0 0 0 0 0 0 1 1 1 1 1 1 1 1 1
 1 1 1 1 1 1 1 1 1 1 1 1 1 1 1 1 1 1 1 1 1 1 1 1 1 1 1 1 1 1 1 1 1 1 1 1 1
 1 1 1 1 1 1 1 1 1 1 1 1 1 1 1 1 1 1 1 1 1 1 1 1 1 1 1 1 1 1 1 1 1 1 1 1 1
 1 1 1 1 1 1 1 1 1 1 1 1 1 1 1 1 1 1 1 1 1 1 1 1 1 1 1 1 1 1 1 1 1 1 1 1 1
 1 1 1 1 1 1 1 1 1 1 1 1 1 1 1 1 1 1 1 1 1 1 1 1 1 1 1 1 1 1 1 1 1 1 1 1 1
 1 1 1 1 1 1 1 1 1 1 1 1 1 1 1 1 1 1 1 1 1 1 1 1 1 1 1 1 1 1 1 1 1 1 1 1 1
 1 1 1 1 1 1 1 1 1 1 1 1 1 1 1 1 1 1 1 1 1 1 1 1 1 1 1 1 1 1 1 1 1 1 1 1 1
 1 1 1 1 1 1 1 1 1 1 1 1 1 1 1 1 1 1 1 1 1 1 0 0 0 1 1 0 0 0 0 0 1 0 0 0 0
 0 1 0 1 0 0 0 0 0 0 0 1 1 0 0 0 0 0 0 0 0 1 1 0 0 0 0 0 1 0 0 0 0 1 0 0 1
 0 0 0 1 0 1 1 0 1 0 0 0 1 1 0 0 1 0 1 0 1 1 0 0 0 1 0 1 0 0 1 0 0 0 0 0 0
 1 0 0 0 0 0 1 0 0 0 0 0 1 0 0 1 0 0 0 0 0 0 0 0 0 0 0 0 0 0 0 0 0 0 0 0 0
 0 0 0 0 0 0 0 0 0 1 0 0 0 0 0 0 0 0 1 0 0 0 1 0 1 0 1 0 1 1 1 0 0 0 1 1 0
 0 0 0 0 0 1 0 1 0 0 0 0 1 1 0 0 0 1 0 0 0 0 1 0 0 0 0 0 0 0 0 0 0 1 0 0 1
 0 0 0 0 0 1 0 0 0 0 0 0 0 1 1 0 1 0 1 0 1 0 0 0 0 0 0 0 0 0 1 0 1 0 1 0 1
 0 1 0 1 0 0 0 0 0 0 0 0 0 0 0 0 0 0 0 0]
[1 0 1 1 1 0 0 0 0 1 0 0 0 0 0 1 0 0 0 0 0 0 1 0 0 1 0 1 1 0 1 1 0 0 1 0 1
 1 1 1 1 1 1 1 0 0 1 1 1 1 0 0 0 1 1 0 1 1 1 1 1 1 1 1 1 1 0 1 1 0 1 1 1 1
 0 1 1 1 1 1 0 1 1 1 0 1 1 0 1 1 1 0 1 1 1 1 1 1 0 0 1 1 1 1 1 1 0 1 1 1 0
 1 1 0 1 0 1 0 1 1 0 0 1 1 0 0 0 1 0 1 1 0 1 1 0 1 0 1 0 1 1 1 1 1 1 1 0 1
 1 1 0 1 1 0 0 1 1 1 1 1 1 0 0 0 1 1 1 1 1 1 1 1 1 1 0 1 1 1 1 1 1 0 0 1 0
 1 1 1 1 1 1 1 1 1 1 1 0 1 1 0 0 1 1 0 1 1 0 1 1 1 1 1 1 0 1 0 1 1 1 1 1 0
 0 1 1 1 0 1 0 1 1 1 1 1 1 1 1 1 1 0 0 1 1 1 0 1 1 0 1 1 1 1 1 0 0 1 0 1 1
 1 0 1 1 1 1 0 1 1 1 1 1 1 0 1 1 1 1 1 1 1 1 1 0 1 1 1 1 1 1 1 1 1 0 0 0 0
 0 1 0 0 1 1 1 0 0 0 1 0 1 0 0 0 1 1 1 1 1 0 1 1 0 1 1 0 1 1 1 1 1 1 0 1 1
 0 0 1 1 1 1 1 0 1 0 1 0 1 1 0 0 1 0 0 0 1 1 0 0 1 0 1 0 1 1 1 0 1 0 0 0 0
 1 0 1 1 1 1 0 1 0 0 0 1 1 0 0 1 1 0 0 0 0 1 1 0 1 0 0 1 0 1 1 1 1 1 0 0 0
 0 0 1 1 0 1 1 0 1 0 1 1 0 0 1 0 0 1 1 0 1 1 1 1 1 0 1 1 1 1 0 0 0 0 1 0 0
 0 1 0 1 0 1 0 1 1 1 1 1 1 1 1 1 0 1 1 1 1 0 0 1 1 1 0 1 0 1 0 1 1 0 0 0 1
 0 1 1 1 1 1 1 0 0 0 1 1 0 1 0 0 1 0 0 0 1 0 0 1 0 0 1 0 0 0 1 0 1 1 1 0 1
 1 1 1 1 0 1 0 1 1 1 1 1 1 1 1 1 1 1 0 1]
Test Loss:  0.67,  Test Acc: 64.13%
Precision, Recall and F1-Score...
              precision    recall  f1-score   support

       clean     0.5803    0.5000    0.5372       224
       buggy     0.6754    0.7420    0.7071       314

    accuracy                         0.6413       538
   macro avg     0.6278    0.6210    0.6222       538
weighted avg     0.6358    0.6413    0.6364       538

Confusion Matrix...
[[112 112]
 [ 81 233]]
Time usage: 0:06:46

Process finished with exit code 0
